time	V(bl)	V(blb)	V(q)	V(qb)	V(wl)
0.000000000000000e+00	0.000000e+00	2.500000e+00	2.500000e+00	3.176497e-08	2.500000e+00
1.000000000000000e-10	0.000000e+00	2.500000e+00	2.500000e+00	3.176497e-08	2.500000e+00
1.002620011141083e-10	6.550028e-02	2.434500e+00	2.499793e+00	-7.098503e-04	2.500000e+00
1.007860033423248e-10	1.965008e-01	2.303499e+00	2.500374e+00	1.233724e-03	2.500000e+00
1.018340077987578e-10	4.585019e-01	2.041498e+00	2.505357e+00	1.735307e-02	2.500000e+00
1.039300167116238e-10	9.825042e-01	1.517496e+00	2.525368e+00	7.403640e-02	2.500000e+00
1.058079821742679e-10	1.451995e+00	1.048005e+00	2.550319e+00	1.381772e-01	2.500000e+00
1.062440690747118e-10	1.561017e+00	9.389827e-01	2.554062e+00	1.531114e-01	2.500000e+00
1.071162428755997e-10	1.779061e+00	7.209393e-01	2.552372e+00	1.792316e-01	2.500000e+00
1.082556523982244e-10	2.063913e+00	4.360869e-01	2.535766e+00	2.073272e-01	2.500000e+00
1.100000000000000e-10	2.500000e+00	0.000000e+00	2.490276e+00	2.423074e-01	2.500000e+00
1.101744347601776e-10	2.500000e+00	0.000000e+00	2.481062e+00	2.442053e-01	2.500000e+00
1.105233042805327e-10	2.500000e+00	0.000000e+00	2.462651e+00	2.479362e-01	2.500000e+00
1.112210433212430e-10	2.500000e+00	0.000000e+00	2.425932e+00	2.551085e-01	2.500000e+00
1.126165214026635e-10	2.500000e+00	0.000000e+00	2.352975e+00	2.685031e-01	2.500000e+00
1.154074775655045e-10	2.500000e+00	0.000000e+00	2.210447e+00	2.926918e-01	2.500000e+00
1.209893898911866e-10	2.500000e+00	0.000000e+00	1.937927e+00	3.387673e-01	2.500000e+00
1.288018898911866e-10	2.500000e+00	0.000000e+00	1.575682e+00	4.130826e-01	2.500000e+00
1.366143898911866e-10	2.500000e+00	0.000000e+00	1.235622e+00	5.125302e-01	2.500000e+00
1.444268898911865e-10	2.500000e+00	0.000000e+00	9.299074e-01	6.408188e-01	2.500000e+00
1.522393898911865e-10	2.500000e+00	0.000000e+00	6.704246e-01	7.845187e-01	2.500000e+00
1.600518898911865e-10	2.500000e+00	0.000000e+00	4.603638e-01	9.253690e-01	2.500000e+00
1.678643898911865e-10	2.500000e+00	0.000000e+00	3.006534e-01	1.051717e+00	2.500000e+00
1.756768898911865e-10	2.500000e+00	0.000000e+00	1.902516e-01	1.161355e+00	2.500000e+00
1.834893898911865e-10	2.500000e+00	0.000000e+00	1.210667e-01	1.257116e+00	2.500000e+00
1.913018898911865e-10	2.500000e+00	0.000000e+00	8.058812e-02	1.341630e+00	2.500000e+00
1.991143898911865e-10	2.500000e+00	0.000000e+00	5.740326e-02	1.416704e+00	2.500000e+00
2.069268898911865e-10	2.500000e+00	0.000000e+00	4.389567e-02	1.484516e+00	2.500000e+00
2.147393898911865e-10	2.500000e+00	0.000000e+00	3.572671e-02	1.547666e+00	2.500000e+00
2.225518898911865e-10	2.500000e+00	0.000000e+00	3.047436e-02	1.607984e+00	2.500000e+00
2.303643898911865e-10	2.500000e+00	0.000000e+00	2.671384e-02	1.665883e+00	2.500000e+00
2.381768898911865e-10	2.500000e+00	0.000000e+00	2.369981e-02	1.721155e+00	2.500000e+00
2.459893898911865e-10	2.500000e+00	0.000000e+00	2.112756e-02	1.773692e+00	2.500000e+00
2.538018898911865e-10	2.500000e+00	0.000000e+00	1.887698e-02	1.823487e+00	2.500000e+00
2.616143898911865e-10	2.500000e+00	0.000000e+00	1.689246e-02	1.870568e+00	2.500000e+00
2.694268898911865e-10	2.500000e+00	0.000000e+00	1.514281e-02	1.914992e+00	2.500000e+00
2.772393898911865e-10	2.500000e+00	0.000000e+00	1.360504e-02	1.956841e+00	2.500000e+00
2.850518898911866e-10	2.500000e+00	0.000000e+00	1.225526e-02	1.996229e+00	2.500000e+00
2.928643898911866e-10	2.500000e+00	0.000000e+00	1.106398e-02	2.033314e+00	2.500000e+00
3.006768898911866e-10	2.500000e+00	0.000000e+00	9.999847e-03	2.068281e+00	2.500000e+00
3.084893898911866e-10	2.500000e+00	0.000000e+00	9.043066e-03	2.101275e+00	2.500000e+00
3.163018898911866e-10	2.500000e+00	0.000000e+00	8.191810e-03	2.132345e+00	2.500000e+00
3.241143898911867e-10	2.500000e+00	0.000000e+00	7.448221e-03	2.161459e+00	2.500000e+00
3.319268898911867e-10	2.500000e+00	0.000000e+00	6.802627e-03	2.188596e+00	2.500000e+00
3.397393898911867e-10	2.500000e+00	0.000000e+00	6.235686e-03	2.213784e+00	2.500000e+00
3.475518898911867e-10	2.500000e+00	0.000000e+00	5.728681e-03	2.237098e+00	2.500000e+00
3.553643898911867e-10	2.500000e+00	0.000000e+00	5.268379e-03	2.258637e+00	2.500000e+00
3.631768898911868e-10	2.500000e+00	0.000000e+00	4.846527e-03	2.278510e+00	2.500000e+00
3.709893898911868e-10	2.500000e+00	0.000000e+00	4.458003e-03	2.296827e+00	2.500000e+00
3.788018898911868e-10	2.500000e+00	0.000000e+00	4.099381e-03	2.313694e+00	2.500000e+00
3.866143898911868e-10	2.500000e+00	0.000000e+00	3.768124e-03	2.329215e+00	2.500000e+00
3.944268898911868e-10	2.500000e+00	0.000000e+00	3.462159e-03	2.343488e+00	2.500000e+00
4.022393898911868e-10	2.500000e+00	0.000000e+00	3.179677e-03	2.356606e+00	2.500000e+00
4.100518898911869e-10	2.500000e+00	0.000000e+00	2.919037e-03	2.368656e+00	2.500000e+00
4.178643898911869e-10	2.500000e+00	0.000000e+00	2.678714e-03	2.379720e+00	2.500000e+00
4.256768898911869e-10	2.500000e+00	0.000000e+00	2.457277e-03	2.389873e+00	2.500000e+00
4.334893898911869e-10	2.500000e+00	0.000000e+00	2.253382e-03	2.399188e+00	2.500000e+00
4.413018898911869e-10	2.500000e+00	0.000000e+00	2.065760e-03	2.407729e+00	2.500000e+00
4.491143898911870e-10	2.500000e+00	0.000000e+00	1.893216e-03	2.415560e+00	2.500000e+00
4.569268898911870e-10	2.500000e+00	0.000000e+00	1.734627e-03	2.422737e+00	2.500000e+00
4.647393898911870e-10	2.500000e+00	0.000000e+00	1.588941e-03	2.429312e+00	2.500000e+00
4.725518898911870e-10	2.500000e+00	0.000000e+00	1.455169e-03	2.435336e+00	2.500000e+00
4.803643898911870e-10	2.500000e+00	0.000000e+00	1.332392e-03	2.440852e+00	2.500000e+00
4.881768898911869e-10	2.500000e+00	0.000000e+00	1.219751e-03	2.445903e+00	2.500000e+00
4.959893898911869e-10	2.500000e+00	0.000000e+00	1.116445e-03	2.450526e+00	2.500000e+00
5.038018898911869e-10	2.500000e+00	0.000000e+00	1.021733e-03	2.454758e+00	2.500000e+00
5.116143898911868e-10	2.500000e+00	0.000000e+00	9.349250e-04	2.458632e+00	2.500000e+00
5.194268898911868e-10	2.500000e+00	0.000000e+00	8.553841e-04	2.462175e+00	2.500000e+00
5.272393898911868e-10	2.500000e+00	0.000000e+00	7.825198e-04	2.465418e+00	2.500000e+00
5.350518898911867e-10	2.500000e+00	0.000000e+00	7.157867e-04	2.468384e+00	2.500000e+00
5.428643898911867e-10	2.500000e+00	0.000000e+00	6.546816e-04	2.471097e+00	2.500000e+00
5.506768898911867e-10	2.500000e+00	0.000000e+00	5.987405e-04	2.473579e+00	2.500000e+00
5.584893898911866e-10	2.500000e+00	0.000000e+00	5.475356e-04	2.475848e+00	2.500000e+00
5.663018898911866e-10	2.500000e+00	0.000000e+00	5.006734e-04	2.477924e+00	2.500000e+00
5.741143898911866e-10	2.500000e+00	0.000000e+00	4.577916e-04	2.479821e+00	2.500000e+00
5.897393898911865e-10	2.500000e+00	0.000000e+00	3.821471e-04	2.483166e+00	2.500000e+00
5.951037797823729e-10	2.500000e+00	0.000000e+00	3.592670e-04	2.484177e+00	2.500000e+00
6.000000000000000e-10	2.500000e+00	2.584939e-14	3.394713e-04	2.485051e+00	2.500000e+00
6.004896220217627e-10	2.377594e+00	1.224055e-01	1.474055e-03	2.485463e+00	2.500000e+00
6.014688660652882e-10	2.132783e+00	3.672165e-01	1.280617e-02	2.488885e+00	2.500000e+00
6.034273541523390e-10	1.643161e+00	8.568385e-01	6.024956e-02	2.504407e+00	2.500000e+00
6.060830238258984e-10	9.792441e-01	1.520756e+00	1.386593e-01	2.512343e+00	2.500000e+00
6.100000000000000e-10	0.000000e+00	2.500000e+00	2.433813e-01	2.471564e+00	2.500000e+00
6.103916976174101e-10	0.000000e+00	2.500000e+00	2.475763e-01	2.450970e+00	2.500000e+00
6.111750928522304e-10	0.000000e+00	2.500000e+00	2.556797e-01	2.409874e+00	2.500000e+00
6.127418833218711e-10	0.000000e+00	2.500000e+00	2.707566e-01	2.328278e+00	2.500000e+00
6.158754642611524e-10	0.000000e+00	2.500000e+00	2.979205e-01	2.169592e+00	2.500000e+00
6.221426261397149e-10	0.000000e+00	2.500000e+00	3.507189e-01	1.867097e+00	2.500000e+00
6.299551261397148e-10	0.000000e+00	2.500000e+00	4.292969e-01	1.508751e+00	2.500000e+00
6.377676261397148e-10	0.000000e+00	2.500000e+00	5.348277e-01	1.174135e+00	2.500000e+00
6.455801261397148e-10	0.000000e+00	2.500000e+00	6.676083e-01	8.766157e-01	2.500000e+00
6.533926261397147e-10	0.000000e+00	2.500000e+00	8.120531e-01	6.265671e-01	2.500000e+00
6.612051261397147e-10	0.000000e+00	2.500000e+00	9.506524e-01	4.260638e-01	2.500000e+00
6.690176261397147e-10	0.000000e+00	2.500000e+00	1.073792e+00	2.759843e-01	2.500000e+00
6.768301261397146e-10	0.000000e+00	2.500000e+00	1.180545e+00	1.742699e-01	2.500000e+00
6.846426261397146e-10	0.000000e+00	2.500000e+00	1.273993e+00	1.115499e-01	2.500000e+00
6.924551261397146e-10	0.000000e+00	2.500000e+00	1.356578e+00	7.513376e-02	2.500000e+00
7.002676261397145e-10	0.000000e+00	2.500000e+00	1.430080e+00	5.425858e-02	2.500000e+00
7.080801261397145e-10	0.000000e+00	2.500000e+00	1.496811e+00	4.202381e-02	2.500000e+00
7.158926261397145e-10	0.000000e+00	2.500000e+00	1.559325e+00	3.455796e-02	2.500000e+00
7.237051261397144e-10	0.000000e+00	2.500000e+00	1.619186e+00	2.967577e-02	2.500000e+00
7.315176261397144e-10	0.000000e+00	2.500000e+00	1.676603e+00	2.609665e-02	2.500000e+00
7.393301261397144e-10	0.000000e+00	2.500000e+00	1.731358e+00	2.318110e-02	2.500000e+00
7.471426261397143e-10	0.000000e+00	2.500000e+00	1.783373e+00	2.067665e-02	2.500000e+00
7.549551261397143e-10	0.000000e+00	2.500000e+00	1.832649e+00	1.848013e-02	2.500000e+00
7.627676261397143e-10	0.000000e+00	2.500000e+00	1.879220e+00	1.654233e-02	2.500000e+00
7.705801261397142e-10	0.000000e+00	2.500000e+00	1.923147e+00	1.483470e-02	2.500000e+00
7.783926261397142e-10	0.000000e+00	2.500000e+00	1.964517e+00	1.333466e-02	2.500000e+00
7.862051261397142e-10	0.000000e+00	2.500000e+00	2.003454e+00	1.201748e-02	2.500000e+00
7.940176261397141e-10	0.000000e+00	2.500000e+00	2.040122e+00	1.085265e-02	2.500000e+00
8.018301261397141e-10	0.000000e+00	2.500000e+00	2.074705e+00	9.809884e-03	2.500000e+00
8.096426261397141e-10	0.000000e+00	2.500000e+00	2.107333e+00	8.872896e-03	2.500000e+00
8.174551261397140e-10	0.000000e+00	2.500000e+00	2.138034e+00	8.042186e-03	2.500000e+00
8.252676261397140e-10	0.000000e+00	2.500000e+00	2.166773e+00	7.318412e-03	2.500000e+00
8.330801261397140e-10	0.000000e+00	2.500000e+00	2.193535e+00	6.689376e-03	2.500000e+00
8.408926261397139e-10	0.000000e+00	2.500000e+00	2.218360e+00	6.135129e-03	2.500000e+00
8.487051261397139e-10	0.000000e+00	2.500000e+00	2.241328e+00	5.637849e-03	2.500000e+00
8.565176261397139e-10	0.000000e+00	2.500000e+00	2.262542e+00	5.185375e-03	2.500000e+00
8.643301261397138e-10	0.000000e+00	2.500000e+00	2.282110e+00	4.770190e-03	2.500000e+00
8.721426261397138e-10	0.000000e+00	2.500000e+00	2.300143e+00	4.387580e-03	2.500000e+00
8.799551261397138e-10	0.000000e+00	2.500000e+00	2.316746e+00	4.034340e-03	2.500000e+00
8.877676261397137e-10	0.000000e+00	2.500000e+00	2.332023e+00	3.708043e-03	2.500000e+00
8.955801261397137e-10	0.000000e+00	2.500000e+00	2.346070e+00	3.406677e-03	2.500000e+00
9.033926261397137e-10	0.000000e+00	2.500000e+00	2.358978e+00	3.128472e-03	2.500000e+00
9.112051261397136e-10	0.000000e+00	2.500000e+00	2.370834e+00	2.871810e-03	2.500000e+00
9.190176261397136e-10	0.000000e+00	2.500000e+00	2.381719e+00	2.635187e-03	2.500000e+00
9.268301261397136e-10	0.000000e+00	2.500000e+00	2.391707e+00	2.417188e-03	2.500000e+00
9.346426261397136e-10	0.000000e+00	2.500000e+00	2.400870e+00	2.216483e-03	2.500000e+00
9.424551261397136e-10	0.000000e+00	2.500000e+00	2.409272e+00	2.031818e-03	2.500000e+00
9.502676261397136e-10	0.000000e+00	2.500000e+00	2.416974e+00	1.862013e-03	2.500000e+00
9.580801261397135e-10	0.000000e+00	2.500000e+00	2.424032e+00	1.705957e-03	2.500000e+00
9.658926261397135e-10	0.000000e+00	2.500000e+00	2.430499e+00	1.562610e-03	2.500000e+00
9.737051261397135e-10	0.000000e+00	2.500000e+00	2.436423e+00	1.430999e-03	2.500000e+00
9.815176261397134e-10	0.000000e+00	2.500000e+00	2.441847e+00	1.310214e-03	2.500000e+00
9.893301261397134e-10	0.000000e+00	2.500000e+00	2.446814e+00	1.199408e-03	2.500000e+00
9.971426261397134e-10	0.000000e+00	2.500000e+00	2.451360e+00	1.097792e-03	2.500000e+00
1.004955126139713e-09	0.000000e+00	2.500000e+00	2.455522e+00	1.004634e-03	2.500000e+00
1.012767626139713e-09	0.000000e+00	2.500000e+00	2.459330e+00	9.192563e-04	2.500000e+00
1.020580126139713e-09	0.000000e+00	2.500000e+00	2.462814e+00	8.410292e-04	2.500000e+00
1.028392626139713e-09	0.000000e+00	2.500000e+00	2.466002e+00	7.693716e-04	2.500000e+00
1.036205126139713e-09	0.000000e+00	2.500000e+00	2.468919e+00	7.037465e-04	2.500000e+00
1.044017626139713e-09	0.000000e+00	2.500000e+00	2.471586e+00	6.436581e-04	2.500000e+00
1.051830126139713e-09	0.000000e+00	2.500000e+00	2.474026e+00	5.886496e-04	2.500000e+00
1.059642626139713e-09	0.000000e+00	2.500000e+00	2.476257e+00	5.383000e-04	2.500000e+00
1.067455126139713e-09	0.000000e+00	2.500000e+00	2.478298e+00	4.922218e-04	2.500000e+00
1.075267626139713e-09	0.000000e+00	2.500000e+00	2.480164e+00	4.500585e-04	2.500000e+00
1.090892626139713e-09	0.000000e+00	2.500000e+00	2.483457e+00	3.755705e-04	2.500000e+00
1.097502428532015e-09	0.000000e+00	2.500000e+00	2.484672e+00	3.480545e-04	2.500000e+00
1.100000000000000e-09	0.000000e+00	2.500000e+00	2.485108e+00	3.381787e-04	2.500000e+00
1.100249757146799e-09	6.243929e-02	2.437561e+00	2.484933e+00	-4.110132e-04	2.500000e+00
1.100749271440396e-09	1.873179e-01	2.312682e+00	2.485480e+00	1.183201e-03	2.500000e+00
1.101748300027590e-09	4.370750e-01	2.062925e+00	2.489912e+00	1.576321e-02	2.500000e+00
1.103746357201978e-09	9.365893e-01	1.563411e+00	2.507905e+00	6.864733e-02	2.500000e+00
1.106003885651223e-09	1.500971e+00	9.990286e-01	2.515457e+00	1.368943e-01	2.500000e+00
1.110000000000000e-09	2.500000e+00	8.437695e-15	2.473728e+00	2.440299e-01	2.500000e+00
1.110399611434878e-09	2.500000e+00	0.000000e+00	2.452703e+00	2.482737e-01	2.500000e+00
1.111198834304633e-09	2.500000e+00	0.000000e+00	2.410749e+00	2.564681e-01	2.500000e+00
1.112797280044144e-09	2.500000e+00	0.000000e+00	2.327470e+00	2.717071e-01	2.500000e+00
1.115994171523165e-09	2.500000e+00	0.000000e+00	2.165632e+00	2.991956e-01	2.500000e+00
1.122387954481208e-09	2.500000e+00	0.000000e+00	1.857313e+00	3.529242e-01	2.500000e+00
1.130200454481208e-09	2.500000e+00	0.000000e+00	1.499412e+00	4.319059e-01	2.500000e+00
1.138012954481208e-09	2.500000e+00	0.000000e+00	1.165569e+00	5.381880e-01	2.500000e+00
1.145825454481208e-09	2.500000e+00	0.000000e+00	8.692207e-01	6.715114e-01	2.500000e+00
1.153637954481208e-09	2.500000e+00	0.000000e+00	6.204975e-01	8.159888e-01	2.500000e+00
1.161450454481208e-09	2.500000e+00	0.000000e+00	4.213473e-01	9.542240e-01	2.500000e+00
1.169262954481208e-09	2.500000e+00	0.000000e+00	2.726287e-01	1.076893e+00	2.500000e+00
1.177075454481208e-09	2.500000e+00	0.000000e+00	1.721168e-01	1.183243e+00	2.500000e+00
1.184887954481208e-09	2.500000e+00	0.000000e+00	1.102754e-01	1.276368e+00	2.500000e+00
1.192700454481208e-09	2.500000e+00	0.000000e+00	7.440373e-02	1.358682e+00	2.500000e+00
1.200512954481208e-09	2.500000e+00	0.000000e+00	5.383632e-02	1.431966e+00	2.500000e+00
1.208325454481208e-09	2.500000e+00	0.000000e+00	4.177127e-02	1.498551e+00	2.500000e+00
1.216137954481208e-09	2.500000e+00	0.000000e+00	3.439913e-02	1.560979e+00	2.500000e+00
1.223950454481208e-09	2.500000e+00	0.000000e+00	2.956582e-02	1.620775e+00	2.500000e+00
1.231762954481208e-09	2.500000e+00	0.000000e+00	2.601069e-02	1.678123e+00	2.500000e+00
1.239575454481208e-09	2.500000e+00	0.000000e+00	2.310850e-02	1.732805e+00	2.500000e+00
1.247387954481208e-09	2.500000e+00	0.000000e+00	2.061337e-02	1.784745e+00	2.500000e+00
1.255200454481208e-09	2.500000e+00	0.000000e+00	1.842436e-02	1.833946e+00	2.500000e+00
1.263012954481208e-09	2.500000e+00	0.000000e+00	1.649312e-02	1.880445e+00	2.500000e+00
1.270825454481208e-09	2.500000e+00	0.000000e+00	1.479140e-02	1.924302e+00	2.500000e+00
1.278637954481208e-09	2.500000e+00	0.000000e+00	1.329668e-02	1.965604e+00	2.500000e+00
1.286450454481208e-09	2.500000e+00	0.000000e+00	1.198405e-02	2.004477e+00	2.500000e+00
1.294262954481207e-09	2.500000e+00	0.000000e+00	1.082290e-02	2.041086e+00	2.500000e+00
1.302075454481207e-09	2.500000e+00	0.000000e+00	9.783119e-03	2.075614e+00	2.500000e+00
1.309887954481207e-09	2.500000e+00	0.000000e+00	8.848956e-03	2.108191e+00	2.500000e+00
1.317700454481207e-09	2.500000e+00	0.000000e+00	8.021182e-03	2.138839e+00	2.500000e+00
1.325512954481207e-09	2.500000e+00	0.000000e+00	7.300196e-03	2.167524e+00	2.500000e+00
1.333325454481207e-09	2.500000e+00	0.000000e+00	6.673459e-03	2.194233e+00	2.500000e+00
1.341137954481207e-09	2.500000e+00	0.000000e+00	6.120968e-03	2.219007e+00	2.500000e+00
1.348950454481207e-09	2.500000e+00	0.000000e+00	5.625037e-03	2.241926e+00	2.500000e+00
1.356762954481207e-09	2.500000e+00	0.000000e+00	5.173656e-03	2.263093e+00	2.500000e+00
1.364575454481207e-09	2.500000e+00	0.000000e+00	4.759406e-03	2.282619e+00	2.500000e+00
1.372387954481207e-09	2.500000e+00	0.000000e+00	4.377631e-03	2.300611e+00	2.500000e+00
1.380200454481207e-09	2.500000e+00	0.000000e+00	4.025151e-03	2.317177e+00	2.500000e+00
1.388012954481207e-09	2.500000e+00	0.000000e+00	3.699554e-03	2.332419e+00	2.500000e+00
1.395825454481207e-09	2.500000e+00	0.000000e+00	3.398839e-03	2.346434e+00	2.500000e+00
1.403637954481207e-09	2.500000e+00	0.000000e+00	3.121239e-03	2.359313e+00	2.500000e+00
1.411450454481207e-09	2.500000e+00	0.000000e+00	2.865139e-03	2.371141e+00	2.500000e+00
1.419262954481207e-09	2.500000e+00	0.000000e+00	2.629038e-03	2.382001e+00	2.500000e+00
1.427075454481207e-09	2.500000e+00	0.000000e+00	2.411525e-03	2.391966e+00	2.500000e+00
1.434887954481207e-09	2.500000e+00	0.000000e+00	2.211272e-03	2.401107e+00	2.500000e+00
1.442700454481207e-09	2.500000e+00	0.000000e+00	2.027025e-03	2.409489e+00	2.500000e+00
1.450512954481207e-09	2.500000e+00	0.000000e+00	1.857606e-03	2.417173e+00	2.500000e+00
1.458325454481207e-09	2.500000e+00	0.000000e+00	1.701908e-03	2.424215e+00	2.500000e+00
1.466137954481207e-09	2.500000e+00	0.000000e+00	1.558892e-03	2.430667e+00	2.500000e+00
1.473950454481207e-09	2.500000e+00	0.000000e+00	1.427586e-03	2.436576e+00	2.500000e+00
1.481762954481207e-09	2.500000e+00	0.000000e+00	1.307083e-03	2.441988e+00	2.500000e+00
1.489575454481207e-09	2.500000e+00	0.000000e+00	1.196536e-03	2.446942e+00	2.500000e+00
1.497387954481207e-09	2.500000e+00	0.000000e+00	1.095158e-03	2.451478e+00	2.500000e+00
1.505200454481207e-09	2.500000e+00	0.000000e+00	1.002220e-03	2.455629e+00	2.500000e+00
1.513012954481207e-09	2.500000e+00	0.000000e+00	9.170444e-04	2.459429e+00	2.500000e+00
1.520825454481207e-09	2.500000e+00	0.000000e+00	8.390028e-04	2.462905e+00	2.500000e+00
1.528637954481206e-09	2.500000e+00	0.000000e+00	7.675157e-04	2.466085e+00	2.500000e+00
1.536450454481206e-09	2.500000e+00	0.000000e+00	7.020469e-04	2.468994e+00	2.500000e+00
1.544262954481206e-09	2.500000e+00	0.000000e+00	6.421021e-04	2.471655e+00	2.500000e+00
1.552075454481206e-09	2.500000e+00	0.000000e+00	5.872253e-04	2.474089e+00	2.500000e+00
1.559887954481206e-09	2.500000e+00	0.000000e+00	5.369964e-04	2.476315e+00	2.500000e+00
1.567700454481206e-09	2.500000e+00	0.000000e+00	4.910289e-04	2.478351e+00	2.500000e+00
1.575512954481206e-09	2.500000e+00	0.000000e+00	4.489670e-04	2.480212e+00	2.500000e+00
1.591137954481206e-09	2.500000e+00	0.000000e+00	3.746343e-04	2.483498e+00	2.500000e+00
1.598610005653862e-09	2.500000e+00	0.000000e+00	3.437658e-04	2.484861e+00	2.500000e+00
1.600000000000000e-09	2.500000e+00	0.000000e+00	3.383093e-04	2.485102e+00	2.500000e+00
1.600138999434614e-09	2.465250e+00	3.474986e-02	-4.670148e-04	2.484891e+00	2.500000e+00
1.600416998303842e-09	2.395751e+00	1.042496e-01	-9.871389e-04	2.484788e+00	2.500000e+00
1.600972996042297e-09	2.256751e+00	2.432490e-01	2.492319e-03	2.485892e+00	2.500000e+00
1.602084991519208e-09	1.978752e+00	5.212479e-01	2.252854e-02	2.492554e+00	2.500000e+00
1.604308982473029e-09	1.422754e+00	1.077246e+00	8.592772e-02	2.516397e+00	2.500000e+00
1.605552018092357e-09	1.111995e+00	1.388005e+00	1.272286e-01	2.529243e+00	2.500000e+00
1.607513928761343e-09	6.215178e-01	1.878482e+00	1.856883e-01	2.524025e+00	2.500000e+00
1.610000000000000e-09	0.000000e+00	2.500000e+00	2.431119e-01	2.477064e+00	2.500000e+00
1.610248607123866e-09	0.000000e+00	2.500000e+00	2.458037e-01	2.463967e+00	2.500000e+00
1.610745821371597e-09	0.000000e+00	2.500000e+00	2.510617e-01	2.437809e+00	2.500000e+00
1.611740249867060e-09	0.000000e+00	2.500000e+00	2.610419e-01	2.385711e+00	2.500000e+00
1.613729106857985e-09	0.000000e+00	2.500000e+00	2.793636e-01	2.282745e+00	2.500000e+00
1.617706820839836e-09	0.000000e+00	2.500000e+00	3.129439e-01	2.084250e+00	2.500000e+00
1.625519320839836e-09	0.000000e+00	2.500000e+00	3.816824e-01	1.714592e+00	2.500000e+00
1.633331820839836e-09	0.000000e+00	2.500000e+00	4.699116e-01	1.364815e+00	2.500000e+00
1.641144320839836e-09	0.000000e+00	2.500000e+00	5.878870e-01	1.043909e+00	2.500000e+00
1.648956820839836e-09	0.000000e+00	2.500000e+00	7.280554e-01	7.655454e-01	2.500000e+00
1.656769320839836e-09	0.000000e+00	2.500000e+00	8.719596e-01	5.362282e-01	2.500000e+00
1.664581820839836e-09	0.000000e+00	2.500000e+00	1.004523e+00	3.568949e-01	2.500000e+00
1.672394320839836e-09	0.000000e+00	2.500000e+00	1.120463e+00	2.278023e-01	2.500000e+00
1.680206820839836e-09	0.000000e+00	2.500000e+00	1.221265e+00	1.439119e-01	2.500000e+00
1.688019320839836e-09	0.000000e+00	2.500000e+00	1.309913e+00	9.376307e-02	2.500000e+00
1.695831820839836e-09	0.000000e+00	2.500000e+00	1.388448e+00	6.495772e-02	2.500000e+00
1.703644320839836e-09	0.000000e+00	2.500000e+00	1.458783e+00	4.834358e-02	2.500000e+00
1.711456820839836e-09	0.000000e+00	2.500000e+00	1.523461e+00	3.845911e-02	2.500000e+00
1.719269320839836e-09	0.000000e+00	2.500000e+00	1.584762e+00	3.228407e-02	2.500000e+00
1.727081820839835e-09	0.000000e+00	2.500000e+00	1.643618e+00	2.806399e-02	2.500000e+00
1.734894320839835e-09	0.000000e+00	2.500000e+00	1.699938e+00	2.481198e-02	2.500000e+00
1.742706820839835e-09	0.000000e+00	2.500000e+00	1.753544e+00	2.208707e-02	2.500000e+00
1.750519320839835e-09	0.000000e+00	2.500000e+00	1.804405e+00	1.972006e-02	2.500000e+00
1.758331820839835e-09	0.000000e+00	2.500000e+00	1.852539e+00	1.763650e-02	2.500000e+00
1.766144320839835e-09	0.000000e+00	2.500000e+00	1.897991e+00	1.579827e-02	2.500000e+00
1.773956820839835e-09	0.000000e+00	2.500000e+00	1.940832e+00	1.418057e-02	2.500000e+00
1.781769320839835e-09	0.000000e+00	2.500000e+00	1.981162e+00	1.276069e-02	2.500000e+00
1.789581820839835e-09	0.000000e+00	2.500000e+00	2.019123e+00	1.151148e-02	2.500000e+00
1.797394320839835e-09	0.000000e+00	2.500000e+00	2.054894e+00	1.040112e-02	2.500000e+00
1.805206820839835e-09	0.000000e+00	2.500000e+00	2.088646e+00	9.403609e-03	2.500000e+00
1.813019320839835e-09	0.000000e+00	2.500000e+00	2.120467e+00	8.510710e-03	2.500000e+00
1.820831820839835e-09	0.000000e+00	2.500000e+00	2.150348e+00	7.725504e-03	2.500000e+00
1.828644320839835e-09	0.000000e+00	2.500000e+00	2.178255e+00	7.043723e-03	2.500000e+00
1.836456820839835e-09	0.000000e+00	2.500000e+00	2.204196e+00	6.448580e-03	2.500000e+00
1.844269320839835e-09	0.000000e+00	2.500000e+00	2.228229e+00	5.920116e-03	2.500000e+00
1.852081820839835e-09	0.000000e+00	2.500000e+00	2.250447e+00	5.442828e-03	2.500000e+00
1.859894320839835e-09	0.000000e+00	2.500000e+00	2.270957e+00	5.006735e-03	2.500000e+00
1.867706820839835e-09	0.000000e+00	2.500000e+00	2.289866e+00	4.605699e-03	2.500000e+00
1.875519320839835e-09	0.000000e+00	2.500000e+00	2.307286e+00	4.235762e-03	2.500000e+00
1.883331820839835e-09	0.000000e+00	2.500000e+00	2.323320e+00	3.894106e-03	2.500000e+00
1.891144320839836e-09	0.000000e+00	2.500000e+00	2.338068e+00	3.578511e-03	2.500000e+00
1.898956820839836e-09	0.000000e+00	2.500000e+00	2.351626e+00	3.287081e-03	2.500000e+00
1.906769320839836e-09	0.000000e+00	2.500000e+00	2.364082e+00	3.018116e-03	2.500000e+00
1.914581820839836e-09	0.000000e+00	2.500000e+00	2.375520e+00	2.770049e-03	2.500000e+00
1.922394320839836e-09	0.000000e+00	2.500000e+00	2.386020e+00	2.541417e-03	2.500000e+00
1.930206820839836e-09	0.000000e+00	2.500000e+00	2.395653e+00	2.330841e-03	2.500000e+00
1.938019320839837e-09	0.000000e+00	2.500000e+00	2.404488e+00	2.137023e-03	2.500000e+00
1.945831820839837e-09	0.000000e+00	2.500000e+00	2.412589e+00	1.958740e-03	2.500000e+00
1.953644320839837e-09	0.000000e+00	2.500000e+00	2.420014e+00	1.794841e-03	2.500000e+00
1.961456820839837e-09	0.000000e+00	2.500000e+00	2.426818e+00	1.644248e-03	2.500000e+00
1.969269320839837e-09	0.000000e+00	2.500000e+00	2.433051e+00	1.505946e-03	2.500000e+00
1.977081820839838e-09	0.000000e+00	2.500000e+00	2.438760e+00	1.378990e-03	2.500000e+00
1.984894320839838e-09	0.000000e+00	2.500000e+00	2.443987e+00	1.262496e-03	2.500000e+00
1.992706820839838e-09	0.000000e+00	2.500000e+00	2.448773e+00	1.155643e-03	2.500000e+00
2.000519320839838e-09	0.000000e+00	2.500000e+00	2.453154e+00	1.057667e-03	2.500000e+00
2.008331820839838e-09	0.000000e+00	2.500000e+00	2.457163e+00	9.678574e-04	2.500000e+00
2.016144320839838e-09	0.000000e+00	2.500000e+00	2.460832e+00	8.855572e-04	2.500000e+00
2.023956820839839e-09	0.000000e+00	2.500000e+00	2.464188e+00	8.101581e-04	2.500000e+00
2.031769320839839e-09	0.000000e+00	2.500000e+00	2.467259e+00	7.410977e-04	2.500000e+00
2.039581820839839e-09	0.000000e+00	2.500000e+00	2.470068e+00	6.778566e-04	2.500000e+00
2.047394320839839e-09	0.000000e+00	2.500000e+00	2.472638e+00	6.199558e-04	2.500000e+00
2.055206820839839e-09	0.000000e+00	2.500000e+00	2.474988e+00	5.669537e-04	2.500000e+00
2.063019320839839e-09	0.000000e+00	2.500000e+00	2.477137e+00	5.184438e-04	2.500000e+00
2.070831820839840e-09	0.000000e+00	2.500000e+00	2.479102e+00	4.740520e-04	2.500000e+00
2.078644320839840e-09	0.000000e+00	2.500000e+00	2.480899e+00	4.334339e-04	2.500000e+00
2.092187500000000e-09	0.000000e+00	2.500000e+00	2.483665e+00	3.708479e-04	2.500000e+00
2.100000000000000e-09	0.000000e+00	2.500000e+00	2.485093e+00	3.385319e-04	2.500000e+00
2.100781250000000e-09	1.953125e-01	2.304688e+00	2.486943e+00	6.318327e-03	2.500000e+00
2.102343750000000e-09	5.859375e-01	1.914062e+00	2.496270e+00	3.470212e-02	2.500000e+00
2.105468750000000e-09	1.367188e+00	1.132812e+00	2.504510e+00	1.183295e-01	2.500000e+00
2.110000000000000e-09	2.500000e+00	0.000000e+00	2.467389e+00	2.422223e-01	2.500000e+00
2.110453125000000e-09	2.500000e+00	0.000000e+00	2.443612e+00	2.471180e-01	2.500000e+00
2.111359375000001e-09	2.500000e+00	0.000000e+00	2.396179e+00	2.565303e-01	2.500000e+00
2.113171875000001e-09	2.500000e+00	0.000000e+00	2.302177e+00	2.738955e-01	2.500000e+00
2.116796875000001e-09	2.500000e+00	0.000000e+00	2.120315e+00	3.052722e-01	2.500000e+00
2.124046875000001e-09	2.500000e+00	0.000000e+00	1.774819e+00	3.682652e-01	2.500000e+00
2.131859375000001e-09	2.500000e+00	0.000000e+00	1.421605e+00	4.527203e-01	2.500000e+00
2.139671875000001e-09	2.500000e+00	0.000000e+00	1.094950e+00	5.659876e-01	2.500000e+00
2.147484375000002e-09	2.500000e+00	0.000000e+00	8.087935e-01	7.037107e-01	2.500000e+00
2.155296875000002e-09	2.500000e+00	0.000000e+00	5.712317e-01	8.482149e-01	2.500000e+00
2.163109375000002e-09	2.500000e+00	0.000000e+00	3.834625e-01	9.833193e-01	2.500000e+00
2.170921875000002e-09	2.500000e+00	0.000000e+00	2.460657e-01	1.102123e+00	2.500000e+00
2.178734375000002e-09	2.500000e+00	0.000000e+00	1.552853e-01	1.205241e+00	2.500000e+00
2.186546875000002e-09	2.500000e+00	0.000000e+00	1.003857e-01	1.295762e+00	2.500000e+00
2.194359375000003e-09	2.500000e+00	0.000000e+00	6.874651e-02	1.375881e+00	2.500000e+00
2.202171875000003e-09	2.500000e+00	0.000000e+00	5.055462e-02	1.447430e+00	2.500000e+00
2.209984375000003e-09	2.500000e+00	0.000000e+00	3.979925e-02	1.512875e+00	2.500000e+00
2.217796875000003e-09	2.500000e+00	0.000000e+00	3.314791e-02	1.574636e+00	2.500000e+00
2.225609375000003e-09	2.500000e+00	0.000000e+00	2.868639e-02	1.633895e+00	2.500000e+00
2.233421875000003e-09	2.500000e+00	0.000000e+00	2.531424e-02	1.690659e+00	2.500000e+00
2.241234375000004e-09	2.500000e+00	0.000000e+00	2.251696e-02	1.744726e+00	2.500000e+00
2.249046875000004e-09	2.500000e+00	0.000000e+00	2.009665e-02	1.796048e+00	2.500000e+00
2.256859375000004e-09	2.500000e+00	0.000000e+00	1.796875e-02	1.844638e+00	2.500000e+00
2.264671875000004e-09	2.500000e+00	0.000000e+00	1.609122e-02	1.890536e+00	2.500000e+00
2.272484375000004e-09	2.500000e+00	0.000000e+00	1.443799e-02	1.933810e+00	2.500000e+00
2.280296875000004e-09	2.500000e+00	0.000000e+00	1.298659e-02	1.974553e+00	2.500000e+00
2.288109375000005e-09	2.500000e+00	0.000000e+00	1.171087e-02	2.012901e+00	2.500000e+00
2.295921875000005e-09	2.500000e+00	0.000000e+00	1.057934e-02	2.049027e+00	2.500000e+00
2.303734375000005e-09	2.500000e+00	0.000000e+00	9.563971e-03	2.083109e+00	2.500000e+00
2.311546875000005e-09	2.500000e+00	0.000000e+00	8.653343e-03	2.115252e+00	2.500000e+00
2.319359375000005e-09	2.500000e+00	0.000000e+00	7.849951e-03	2.145463e+00	2.500000e+00
2.327171875000005e-09	2.500000e+00	0.000000e+00	7.151701e-03	2.173703e+00	2.500000e+00
2.334984375000006e-09	2.500000e+00	0.000000e+00	6.543441e-03	2.199971e+00	2.500000e+00
2.342796875000006e-09	2.500000e+00	0.000000e+00	6.005016e-03	2.224319e+00	2.500000e+00
2.350609375000006e-09	2.500000e+00	0.000000e+00	5.519958e-03	2.246835e+00	2.500000e+00
2.358421875000006e-09	2.500000e+00	0.000000e+00	5.077450e-03	2.267624e+00	2.500000e+00
2.366234375000006e-09	2.500000e+00	0.000000e+00	4.670842e-03	2.286795e+00	2.500000e+00
2.374046875000007e-09	2.500000e+00	0.000000e+00	4.295897e-03	2.304458e+00	2.500000e+00
2.381859375000007e-09	2.500000e+00	0.000000e+00	3.949655e-03	2.320717e+00	2.500000e+00
2.389671875000007e-09	2.500000e+00	0.000000e+00	3.629819e-03	2.335675e+00	2.500000e+00
2.397484375000007e-09	2.500000e+00	0.000000e+00	3.334450e-03	2.349426e+00	2.500000e+00
2.405296875000007e-09	2.500000e+00	0.000000e+00	3.061821e-03	2.362062e+00	2.500000e+00
2.413109375000007e-09	2.500000e+00	0.000000e+00	2.810347e-03	2.373666e+00	2.500000e+00
2.420921875000008e-09	2.500000e+00	0.000000e+00	2.578547e-03	2.384317e+00	2.500000e+00
2.428734375000008e-09	2.500000e+00	0.000000e+00	2.365028e-03	2.394091e+00	2.500000e+00
2.436546875000008e-09	2.500000e+00	0.000000e+00	2.168481e-03	2.403056e+00	2.500000e+00
2.444359375000008e-09	2.500000e+00	0.000000e+00	1.987670e-03	2.411276e+00	2.500000e+00
2.452171875000008e-09	2.500000e+00	0.000000e+00	1.821431e-03	2.418811e+00	2.500000e+00
2.459984375000008e-09	2.500000e+00	0.000000e+00	1.668673e-03	2.425716e+00	2.500000e+00
2.467796875000009e-09	2.500000e+00	0.000000e+00	1.528373e-03	2.432041e+00	2.500000e+00
2.475609375000009e-09	2.500000e+00	0.000000e+00	1.399574e-03	2.437835e+00	2.500000e+00
2.483421875000009e-09	2.500000e+00	0.000000e+00	1.281008e-03	2.443157e+00	2.500000e+00
2.490000000000000e-09	2.500000e+00	0.000000e+00	1.187214e-03	2.447362e+00	2.500000e+00
2.490781250000000e-09	2.500000e+00	0.000000e+00	-1.717578e-02	2.434309e+00	2.304688e+00
2.492343750000000e-09	2.500000e+00	0.000000e+00	-4.944869e-02	2.409779e+00	1.914062e+00
2.495468750000000e-09	2.500000e+00	0.000000e+00	-9.714262e-02	2.366797e+00	1.132812e+00
2.500000000000000e-09	2.500000e+00	0.000000e+00	-1.429368e-01	2.312851e+00	0.000000e+00
2.500625000000000e-09	2.500000e+00	0.000000e+00	-1.361817e-01	2.316214e+00	0.000000e+00
2.501875000000000e-09	2.500000e+00	0.000000e+00	-1.235293e-01	2.322603e+00	0.000000e+00
2.504375000000000e-09	2.500000e+00	0.000000e+00	-1.019314e-01	2.333938e+00	0.000000e+00
2.509375000000000e-09	2.500000e+00	0.000000e+00	-6.940888e-02	2.352428e+00	0.000000e+00
2.517187500000000e-09	2.500000e+00	0.000000e+00	-3.587200e-02	2.374471e+00	0.000000e+00
2.525000000000000e-09	2.500000e+00	0.000000e+00	-1.653575e-02	2.390713e+00	0.000000e+00
2.532812500000000e-09	2.500000e+00	0.000000e+00	-6.584310e-03	2.402876e+00	0.000000e+00
2.540625000000001e-09	2.500000e+00	0.000000e+00	-1.581140e-03	2.412592e+00	0.000000e+00
2.548437500000001e-09	2.500000e+00	0.000000e+00	8.503023e-04	2.420753e+00	0.000000e+00
2.556250000000001e-09	2.500000e+00	0.000000e+00	1.963618e-03	2.427849e+00	0.000000e+00
2.564062500000001e-09	2.500000e+00	0.000000e+00	2.410557e-03	2.434158e+00	0.000000e+00
2.571875000000001e-09	2.500000e+00	0.000000e+00	2.524129e-03	2.439838e+00	0.000000e+00
2.579687500000001e-09	2.500000e+00	0.000000e+00	2.474746e-03	2.444991e+00	0.000000e+00
2.587500000000002e-09	2.500000e+00	0.000000e+00	2.351962e-03	2.449724e+00	0.000000e+00
2.592187500000000e-09	2.500000e+00	0.000000e+00	2.260063e-03	2.452341e+00	0.000000e+00
2.600000000000000e-09	2.500000e+00	0.000000e+00	2.096270e-03	2.456449e+00	0.000000e+00
2.600781250000000e-09	2.304688e+00	1.953125e-01	2.079651e-03	2.456831e+00	0.000000e+00
2.602343750000000e-09	1.914062e+00	5.859375e-01	2.046552e-03	2.457586e+00	0.000000e+00
2.605468750000000e-09	1.132812e+00	1.367188e+00	1.981068e-03	2.459055e+00	0.000000e+00
2.610000000000001e-09	0.000000e+00	2.500000e+00	1.887223e-03	2.461131e+00	0.000000e+00
2.610453125000001e-09	0.000000e+00	2.500000e+00	1.878045e-03	2.461330e+00	0.000000e+00
2.611359375000001e-09	0.000000e+00	2.500000e+00	1.859781e-03	2.461725e+00	0.000000e+00
2.624046875000001e-09	0.000000e+00	2.500000e+00	1.619662e-03	2.466815e+00	0.000000e+00
2.631859375000002e-09	0.000000e+00	2.500000e+00	1.484258e-03	2.469636e+00	0.000000e+00
2.639671875000002e-09	0.000000e+00	2.500000e+00	1.359103e-03	2.472224e+00	0.000000e+00
2.647484375000002e-09	0.000000e+00	2.500000e+00	1.244002e-03	2.474592e+00	0.000000e+00
2.655296875000002e-09	0.000000e+00	2.500000e+00	1.138369e-03	2.476758e+00	0.000000e+00
2.663109375000002e-09	0.000000e+00	2.500000e+00	1.041542e-03	2.478741e+00	0.000000e+00
2.670921875000002e-09	0.000000e+00	2.500000e+00	9.528504e-04	2.480556e+00	0.000000e+00
2.678734375000003e-09	0.000000e+00	2.500000e+00	8.716463e-04	2.482216e+00	0.000000e+00
2.686546875000003e-09	0.000000e+00	2.500000e+00	7.973177e-04	2.483734e+00	0.000000e+00
2.694359375000003e-09	0.000000e+00	2.500000e+00	7.292947e-04	2.485124e+00	0.000000e+00
2.709984375000003e-09	0.000000e+00	2.500000e+00	6.100993e-04	2.487557e+00	0.000000e+00
2.725609375000004e-09	0.000000e+00	2.500000e+00	5.103283e-04	2.489594e+00	0.000000e+00
2.741234375000004e-09	0.000000e+00	2.500000e+00	4.268358e-04	2.491298e+00	0.000000e+00
2.756859375000004e-09	0.000000e+00	2.500000e+00	3.569779e-04	2.492723e+00	0.000000e+00
2.772484375000005e-09	0.000000e+00	2.500000e+00	2.985362e-04	2.493915e+00	0.000000e+00
2.788109375000005e-09	0.000000e+00	2.500000e+00	2.496509e-04	2.494912e+00	0.000000e+00
2.803734375000005e-09	0.000000e+00	2.500000e+00	2.087631e-04	2.495746e+00	0.000000e+00
2.819359375000006e-09	0.000000e+00	2.500000e+00	1.745673e-04	2.496443e+00	0.000000e+00
2.842796875000006e-09	0.000000e+00	2.500000e+00	1.334789e-04	2.497281e+00	0.000000e+00
2.866234375000007e-09	0.000000e+00	2.500000e+00	1.020597e-04	2.497921e+00	0.000000e+00
2.889671875000007e-09	0.000000e+00	2.500000e+00	7.803656e-05	2.498411e+00	0.000000e+00
2.906861607142863e-09	0.000000e+00	2.500000e+00	6.494308e-05	2.498678e+00	0.000000e+00
2.924051339285719e-09	0.000000e+00	2.500000e+00	5.343411e-05	2.498912e+00	0.000000e+00
2.941241071428575e-09	0.000000e+00	2.500000e+00	4.350965e-05	2.499114e+00	0.000000e+00
2.958430803571432e-09	0.000000e+00	2.500000e+00	3.516969e-05	2.499284e+00	0.000000e+00
2.975620535714288e-09	0.000000e+00	2.500000e+00	2.841423e-05	2.499422e+00	0.000000e+00
2.992810267857144e-09	0.000000e+00	2.500000e+00	2.324327e-05	2.499528e+00	0.000000e+00
3.010000000000000e-09	0.000000e+00	2.500000e+00	1.965682e-05	2.499601e+00	0.000000e+00
3.010781250000000e-09	0.000000e+00	2.500000e+00	1.011689e-02	2.511082e+00	1.953125e-01
3.012343750000000e-09	0.000000e+00	2.500000e+00	3.557140e-02	2.535241e+00	5.859375e-01
3.015468750000000e-09	0.000000e+00	2.500000e+00	1.099303e-01	2.562500e+00	1.367188e+00
3.020000000000000e-09	0.000000e+00	2.500000e+00	2.426619e-01	2.543778e+00	2.500000e+00
3.020595131828132e-09	0.000000e+00	2.500000e+00	2.484559e-01	2.511245e+00	2.500000e+00
3.021785395484397e-09	0.000000e+00	2.500000e+00	2.597526e-01	2.447566e+00	2.500000e+00
3.024165922796926e-09	0.000000e+00	2.500000e+00	2.805316e-01	2.322983e+00	2.500000e+00
3.028926977421984e-09	0.000000e+00	2.500000e+00	3.186059e-01	2.083557e+00	2.500000e+00
3.036739477421984e-09	0.000000e+00	2.500000e+00	3.849488e-01	1.712325e+00	2.500000e+00
3.044551977421984e-09	0.000000e+00	2.500000e+00	4.720600e-01	1.362303e+00	2.500000e+00
3.052364477421985e-09	0.000000e+00	2.500000e+00	5.897169e-01	1.041502e+00	2.500000e+00
3.060176977421985e-09	0.000000e+00	2.500000e+00	7.297309e-01	7.634277e-01	2.500000e+00
3.067989477421985e-09	0.000000e+00	2.500000e+00	8.734505e-01	5.344561e-01	2.500000e+00
3.075801977421985e-09	0.000000e+00	2.500000e+00	1.005801e+00	3.555143e-01	2.500000e+00
3.083614477421985e-09	0.000000e+00	2.500000e+00	1.121546e+00	2.268383e-01	2.500000e+00
3.091426977421985e-09	0.000000e+00	2.500000e+00	1.224783e+00	1.358952e-01	2.500000e+00
3.092187500000000e-09	0.000000e+00	2.500000e+00	1.234088e+00	1.294090e-01	2.500000e+00
3.093708545156030e-09	0.000000e+00	2.500000e+00	1.251741e+00	1.193296e-01	2.500000e+00
3.096750635468089e-09	0.000000e+00	2.500000e+00	1.285860e+00	1.019037e-01	2.500000e+00
3.100000000000000e-09	0.000000e+00	2.500000e+00	1.321169e+00	8.574225e-02	2.500000e+00
3.100324936453192e-09	8.123411e-02	2.418766e+00	1.324386e+00	8.423536e-02	2.500000e+00
3.100974809359574e-09	2.437023e-01	2.256298e+00	1.331896e+00	8.600206e-02	2.500000e+00
3.102274555172339e-09	5.686388e-01	1.931361e+00	1.351242e+00	1.077173e-01	2.500000e+00
3.104874046797868e-09	1.218512e+00	1.281488e+00	1.381499e+00	1.817893e-01	2.500000e+00
3.110000000000001e-09	2.500000e+00	0.000000e+00	1.398461e+00	3.480527e-01	2.500000e+00
3.110512595320214e-09	2.500000e+00	0.000000e+00	1.377213e+00	3.575883e-01	2.500000e+00
3.111537785960641e-09	2.500000e+00	0.000000e+00	1.334794e+00	3.767373e-01	2.500000e+00
3.113588167241494e-09	2.500000e+00	0.000000e+00	1.250824e+00	4.158325e-01	2.500000e+00
3.117688929803200e-09	2.500000e+00	0.000000e+00	1.090619e+00	4.978015e-01	2.500000e+00
3.125501429803200e-09	2.500000e+00	0.000000e+00	8.154044e-01	6.594236e-01	2.500000e+00
3.133313929803201e-09	2.500000e+00	0.000000e+00	5.818675e-01	8.167758e-01	2.500000e+00
3.141126429803201e-09	2.500000e+00	0.000000e+00	3.954329e-01	9.597851e-01	2.500000e+00
3.148938929803201e-09	2.500000e+00	0.000000e+00	2.566030e-01	1.083774e+00	2.500000e+00
3.156751429803201e-09	2.500000e+00	0.000000e+00	1.629660e-01	1.190279e+00	2.500000e+00
3.164563929803201e-09	2.500000e+00	0.000000e+00	1.053584e-01	1.283078e+00	2.500000e+00
3.172376429803202e-09	2.500000e+00	0.000000e+00	7.180754e-02	1.364854e+00	2.500000e+00
3.180188929803202e-09	2.500000e+00	0.000000e+00	5.243053e-02	1.437594e+00	2.500000e+00
3.188001429803202e-09	2.500000e+00	0.000000e+00	4.097020e-02	1.503783e+00	2.500000e+00
3.195813929803202e-09	2.500000e+00	0.000000e+00	3.391022e-02	1.565972e+00	2.500000e+00
3.203626429803202e-09	2.500000e+00	0.000000e+00	2.923237e-02	1.625576e+00	2.500000e+00
3.211438929803202e-09	2.500000e+00	0.000000e+00	2.575182e-02	1.682713e+00	2.500000e+00
3.219251429803203e-09	2.500000e+00	0.000000e+00	2.289053e-02	1.737171e+00	2.500000e+00
3.227063929803203e-09	2.500000e+00	0.000000e+00	2.042329e-02	1.788885e+00	2.500000e+00
3.234876429803203e-09	2.500000e+00	0.000000e+00	1.825668e-02	1.837863e+00	2.500000e+00
3.242688929803203e-09	2.500000e+00	0.000000e+00	1.634515e-02	1.884143e+00	2.500000e+00
3.250501429803203e-09	2.500000e+00	0.000000e+00	1.466125e-02	1.927786e+00	2.500000e+00
3.258313929803203e-09	2.500000e+00	0.000000e+00	1.318247e-02	1.968884e+00	2.500000e+00
3.266126429803204e-09	2.500000e+00	0.000000e+00	1.188349e-02	2.007564e+00	2.500000e+00
3.273938929803204e-09	2.500000e+00	0.000000e+00	1.073333e-02	2.043995e+00	2.500000e+00
3.281751429803204e-09	2.500000e+00	0.000000e+00	9.702545e-03	2.078361e+00	2.500000e+00
3.289563929803204e-09	2.500000e+00	0.000000e+00	8.776948e-03	2.110779e+00	2.500000e+00
3.297376429803204e-09	2.500000e+00	0.000000e+00	7.958070e-03	2.141268e+00	2.500000e+00
3.305188929803204e-09	2.500000e+00	0.000000e+00	7.245466e-03	2.169790e+00	2.500000e+00
3.313001429803205e-09	2.500000e+00	0.000000e+00	6.625594e-03	2.196338e+00	2.500000e+00
3.320813929803205e-09	2.500000e+00	0.000000e+00	6.078337e-03	2.220956e+00	2.500000e+00
3.328626429803205e-09	2.500000e+00	0.000000e+00	5.586440e-03	2.243728e+00	2.500000e+00
3.336438929803205e-09	2.500000e+00	0.000000e+00	5.138338e-03	2.264756e+00	2.500000e+00
3.344251429803205e-09	2.500000e+00	0.000000e+00	4.726901e-03	2.284152e+00	2.500000e+00
3.352063929803205e-09	2.500000e+00	0.000000e+00	4.347636e-03	2.302023e+00	2.500000e+00
3.359876429803206e-09	2.500000e+00	0.000000e+00	3.997446e-03	2.318477e+00	2.500000e+00
3.367688929803206e-09	2.500000e+00	0.000000e+00	3.673963e-03	2.333614e+00	2.500000e+00
3.375501429803206e-09	2.500000e+00	0.000000e+00	3.375209e-03	2.347533e+00	2.500000e+00
3.383313929803206e-09	2.500000e+00	0.000000e+00	3.099432e-03	2.360322e+00	2.500000e+00
3.391126429803206e-09	2.500000e+00	0.000000e+00	2.845029e-03	2.372068e+00	2.500000e+00
3.398938929803207e-09	2.500000e+00	0.000000e+00	2.610506e-03	2.382851e+00	2.500000e+00
3.406751429803207e-09	2.500000e+00	0.000000e+00	2.394458e-03	2.392746e+00	2.500000e+00
3.414563929803207e-09	2.500000e+00	0.000000e+00	2.195564e-03	2.401823e+00	2.500000e+00
3.422376429803207e-09	2.500000e+00	0.000000e+00	2.012578e-03	2.410146e+00	2.500000e+00
3.430188929803207e-09	2.500000e+00	0.000000e+00	1.844326e-03	2.417775e+00	2.500000e+00
3.438001429803207e-09	2.500000e+00	0.000000e+00	1.689707e-03	2.424766e+00	2.500000e+00
3.445813929803208e-09	2.500000e+00	0.000000e+00	1.547688e-03	2.431171e+00	2.500000e+00
3.453626429803208e-09	2.500000e+00	0.000000e+00	1.417302e-03	2.437038e+00	2.500000e+00
3.461438929803208e-09	2.500000e+00	0.000000e+00	1.297646e-03	2.442411e+00	2.500000e+00
3.469251429803208e-09	2.500000e+00	0.000000e+00	1.187881e-03	2.447330e+00	2.500000e+00
3.477063929803208e-09	2.500000e+00	0.000000e+00	1.087223e-03	2.451833e+00	2.500000e+00
3.484876429803208e-09	2.500000e+00	0.000000e+00	9.949466e-04	2.455954e+00	2.500000e+00
3.492688929803209e-09	2.500000e+00	0.000000e+00	9.103791e-04	2.459726e+00	2.500000e+00
3.500501429803209e-09	2.500000e+00	0.000000e+00	8.328967e-04	2.463177e+00	2.500000e+00
3.508313929803209e-09	2.500000e+00	0.000000e+00	7.619230e-04	2.466334e+00	2.500000e+00
3.516126429803209e-09	2.500000e+00	0.000000e+00	6.969257e-04	2.469222e+00	2.500000e+00
3.523938929803209e-09	2.500000e+00	0.000000e+00	6.374135e-04	2.471864e+00	2.500000e+00
3.531751429803209e-09	2.500000e+00	0.000000e+00	5.829334e-04	2.474280e+00	2.500000e+00
3.539563929803210e-09	2.500000e+00	0.000000e+00	5.330684e-04	2.476489e+00	2.500000e+00
3.547376429803210e-09	2.500000e+00	0.000000e+00	4.874344e-04	2.478510e+00	2.500000e+00
3.555188929803210e-09	2.500000e+00	0.000000e+00	4.456782e-04	2.480357e+00	2.500000e+00
3.563001429803210e-09	2.500000e+00	0.000000e+00	4.074750e-04	2.482047e+00	2.500000e+00
3.570813929803210e-09	2.500000e+00	0.000000e+00	3.725267e-04	2.483591e+00	2.500000e+00
3.586438929803211e-09	2.500000e+00	0.000000e+00	3.111616e-04	2.486301e+00	2.500000e+00
3.592187500000001e-09	2.500000e+00	0.000000e+00	2.912615e-04	2.487179e+00	2.500000e+00
3.600000000000001e-09	2.500000e+00	1.033976e-13	2.658489e-04	2.488300e+00	2.500000e+00
3.600781250000001e-09	2.304688e+00	1.953125e-01	6.245443e-03	2.490121e+00	2.500000e+00
3.602343750000001e-09	1.914062e+00	5.859375e-01	3.463051e-02	2.499408e+00	2.500000e+00
3.605468750000001e-09	1.132812e+00	1.367188e+00	1.182489e-01	2.507564e+00	2.500000e+00
3.610000000000001e-09	0.000000e+00	2.500000e+00	2.420889e-01	2.470215e+00	2.500000e+00
3.610453125000001e-09	0.000000e+00	2.500000e+00	2.469806e-01	2.446426e+00	2.500000e+00
3.611359375000000e-09	0.000000e+00	2.500000e+00	2.563847e-01	2.398971e+00	2.500000e+00
3.613171875000000e-09	0.000000e+00	2.500000e+00	2.737325e-01	2.304917e+00	2.500000e+00
3.616796875000000e-09	0.000000e+00	2.500000e+00	3.050652e-01	2.122940e+00	2.500000e+00
3.624046875000000e-09	0.000000e+00	2.500000e+00	3.679172e-01	1.777238e+00	2.500000e+00
3.631859375000000e-09	0.000000e+00	2.500000e+00	4.521530e-01	1.423844e+00	2.500000e+00
3.639671875000000e-09	0.000000e+00	2.500000e+00	5.651993e-01	1.096962e+00	2.500000e+00
3.647484375000000e-09	0.000000e+00	2.500000e+00	7.027980e-01	8.105012e-01	2.500000e+00
3.655296875000001e-09	0.000000e+00	2.500000e+00	8.473067e-01	5.726148e-01	2.500000e+00
3.663109375000001e-09	0.000000e+00	2.500000e+00	9.825018e-01	3.845159e-01	2.500000e+00
3.670921875000001e-09	0.000000e+00	2.500000e+00	1.101414e+00	2.467947e-01	2.500000e+00
3.678734375000001e-09	0.000000e+00	2.500000e+00	1.204621e+00	1.557420e-01	2.500000e+00
3.686546875000001e-09	0.000000e+00	2.500000e+00	1.295215e+00	1.006524e-01	2.500000e+00
3.694359375000002e-09	0.000000e+00	2.500000e+00	1.375395e+00	6.889888e-02	2.500000e+00
3.702171875000002e-09	0.000000e+00	2.500000e+00	1.446993e+00	5.064324e-02	2.500000e+00
3.709984375000002e-09	0.000000e+00	2.500000e+00	1.512468e+00	3.985273e-02	2.500000e+00
3.717796875000002e-09	0.000000e+00	2.500000e+00	1.574247e+00	3.318212e-02	2.500000e+00
3.725609375000002e-09	0.000000e+00	2.500000e+00	1.633522e+00	2.871077e-02	2.500000e+00
3.733421875000002e-09	0.000000e+00	2.500000e+00	1.690302e+00	2.533375e-02	2.500000e+00
3.741234375000002e-09	0.000000e+00	2.500000e+00	1.744387e+00	2.253361e-02	2.500000e+00
3.749046875000001e-09	0.000000e+00	2.500000e+00	1.795727e+00	2.011122e-02	2.500000e+00
3.756859375000001e-09	0.000000e+00	2.500000e+00	1.844334e+00	1.798160e-02	2.500000e+00
3.764671875000001e-09	0.000000e+00	2.500000e+00	1.890249e+00	1.610255e-02	2.500000e+00
3.772484375000001e-09	0.000000e+00	2.500000e+00	1.933540e+00	1.444796e-02	2.500000e+00
3.780296875000001e-09	0.000000e+00	2.500000e+00	1.974299e+00	1.299533e-02	2.500000e+00
3.788109375000000e-09	0.000000e+00	2.500000e+00	2.012661e+00	1.171857e-02	2.500000e+00
3.795921875000000e-09	0.000000e+00	2.500000e+00	2.048801e+00	1.058622e-02	2.500000e+00
3.803734375000000e-09	0.000000e+00	2.500000e+00	2.082896e+00	9.570165e-03	2.500000e+00
3.811546875000000e-09	0.000000e+00	2.500000e+00	2.115052e+00	8.658861e-03	2.500000e+00
3.819359374999999e-09	0.000000e+00	2.500000e+00	2.145275e+00	7.854773e-03	2.500000e+00
3.827171874999999e-09	0.000000e+00	2.500000e+00	2.173527e+00	7.155883e-03	2.500000e+00
3.834984374999999e-09	0.000000e+00	2.500000e+00	2.199808e+00	6.547109e-03	2.500000e+00
3.842796874999999e-09	0.000000e+00	2.500000e+00	2.224169e+00	6.008293e-03	2.500000e+00
3.850609374999998e-09	0.000000e+00	2.500000e+00	2.246696e+00	5.522933e-03	2.500000e+00
3.858421874999998e-09	0.000000e+00	2.500000e+00	2.267496e+00	5.080176e-03	2.500000e+00
3.866234374999998e-09	0.000000e+00	2.500000e+00	2.286677e+00	4.673352e-03	2.500000e+00
3.874046874999998e-09	0.000000e+00	2.500000e+00	2.304349e+00	4.298213e-03	2.500000e+00
3.881859374999997e-09	0.000000e+00	2.500000e+00	2.320617e+00	3.951794e-03	2.500000e+00
3.889671874999997e-09	0.000000e+00	2.500000e+00	2.335583e+00	3.631795e-03	2.500000e+00
3.897484374999997e-09	0.000000e+00	2.500000e+00	2.349342e+00	3.336275e-03	2.500000e+00
3.905296874999997e-09	0.000000e+00	2.500000e+00	2.361984e+00	3.063505e-03	2.500000e+00
3.913109374999996e-09	0.000000e+00	2.500000e+00	2.373594e+00	2.811900e-03	2.500000e+00
3.920921874999996e-09	0.000000e+00	2.500000e+00	2.384252e+00	2.579978e-03	2.500000e+00
3.928734374999996e-09	0.000000e+00	2.500000e+00	2.394031e+00	2.366346e-03	2.500000e+00
3.936546874999996e-09	0.000000e+00	2.500000e+00	2.403001e+00	2.169694e-03	2.500000e+00
3.944359374999995e-09	0.000000e+00	2.500000e+00	2.411226e+00	1.988785e-03	2.500000e+00
3.952171874999995e-09	0.000000e+00	2.500000e+00	2.418765e+00	1.822456e-03	2.500000e+00
3.959984374999995e-09	0.000000e+00	2.500000e+00	2.425673e+00	1.669615e-03	2.500000e+00
3.967796874999995e-09	0.000000e+00	2.500000e+00	2.432002e+00	1.529238e-03	2.500000e+00
3.975609374999995e-09	0.000000e+00	2.500000e+00	2.437799e+00	1.400367e-03	2.500000e+00
3.983421874999994e-09	0.000000e+00	2.500000e+00	2.443108e+00	1.282109e-03	2.500000e+00
3.991234374999994e-09	0.000000e+00	2.500000e+00	2.447968e+00	1.173630e-03	2.500000e+00
3.999046874999994e-09	0.000000e+00	2.500000e+00	2.452417e+00	1.074158e-03	2.500000e+00
4.006859374999994e-09	0.000000e+00	2.500000e+00	2.456489e+00	9.829714e-04	2.500000e+00
4.014671874999993e-09	0.000000e+00	2.500000e+00	2.460215e+00	8.994059e-04	2.500000e+00
4.022484374999993e-09	0.000000e+00	2.500000e+00	2.463624e+00	8.228443e-04	2.500000e+00
4.030296874999993e-09	0.000000e+00	2.500000e+00	2.466743e+00	7.527163e-04	2.500000e+00
4.038109374999993e-09	0.000000e+00	2.500000e+00	2.469596e+00	6.884952e-04	2.500000e+00
4.045921874999992e-09	0.000000e+00	2.500000e+00	2.472206e+00	6.296953e-04	2.500000e+00
4.053734374999992e-09	0.000000e+00	2.500000e+00	2.474593e+00	5.758686e-04	2.500000e+00
4.061546874999992e-09	0.000000e+00	2.500000e+00	2.476776e+00	5.266026e-04	2.500000e+00
4.069359374999992e-09	0.000000e+00	2.500000e+00	2.478771e+00	4.815177e-04	2.500000e+00
4.077171874999991e-09	0.000000e+00	2.500000e+00	2.480597e+00	4.402646e-04	2.500000e+00
4.084984374999991e-09	0.000000e+00	2.500000e+00	2.482265e+00	4.025225e-04	2.500000e+00
4.092796874999991e-09	0.000000e+00	2.500000e+00	2.483793e+00	3.679413e-04	2.500000e+00
4.100000000000000e-09	0.000000e+00	2.500000e+00	2.485111e+00	3.381040e-04	2.500000e+00
4.100720312500001e-09	1.800781e-01	2.319922e+00	2.486607e+00	5.112153e-03	2.500000e+00
4.102160937500003e-09	5.402344e-01	1.959766e+00	2.494979e+00	2.974759e-02	2.500000e+00
4.105042187500007e-09	1.260547e+00	1.239453e+00	2.502982e+00	1.055002e-01	2.500000e+00
4.110000000000000e-09	2.500000e+00	6.039613e-14	2.467597e+00	2.431455e-01	2.500000e+00
4.110495781249999e-09	2.500000e+00	0.000000e+00	2.441576e+00	2.484365e-01	2.500000e+00
4.111487343749998e-09	2.500000e+00	0.000000e+00	2.389682e+00	2.585831e-01	2.500000e+00
4.113470468749995e-09	2.500000e+00	0.000000e+00	2.287036e+00	2.772206e-01	2.500000e+00
4.117436718749990e-09	2.500000e+00	0.000000e+00	2.089059e+00	3.111744e-01	2.500000e+00
4.125249218749990e-09	2.500000e+00	0.000000e+00	1.719236e+00	3.802394e-01	2.500000e+00
4.133061718749989e-09	2.500000e+00	0.000000e+00	1.369216e+00	4.683393e-01	2.500000e+00
4.140874218749989e-09	2.500000e+00	0.000000e+00	1.047871e+00	5.860308e-01	2.500000e+00
4.148686718749989e-09	2.500000e+00	0.000000e+00	7.689008e-01	7.260676e-01	2.500000e+00
4.156499218749989e-09	2.500000e+00	0.000000e+00	5.389440e-01	8.700568e-01	2.500000e+00
4.164311718749989e-09	2.500000e+00	0.000000e+00	3.589507e-01	1.002837e+00	2.500000e+00
4.172124218749988e-09	2.500000e+00	0.000000e+00	2.292076e-01	1.119007e+00	2.500000e+00
4.179936718749988e-09	2.500000e+00	0.000000e+00	1.447826e-01	1.219994e+00	2.500000e+00
4.187749218749988e-09	2.500000e+00	0.000000e+00	9.426913e-02	1.308790e+00	2.500000e+00
4.195561718749988e-09	2.500000e+00	0.000000e+00	6.524764e-02	1.387450e+00	2.500000e+00
4.203374218749987e-09	2.500000e+00	0.000000e+00	4.851333e-02	1.457881e+00	2.500000e+00
4.211186718749987e-09	2.500000e+00	0.000000e+00	3.856242e-02	1.522617e+00	2.500000e+00
4.218999218749987e-09	2.500000e+00	0.000000e+00	3.235114e-02	1.583954e+00	2.500000e+00
4.226811718749987e-09	2.500000e+00	0.000000e+00	2.811281e-02	1.642843e+00	2.500000e+00
4.234624218749986e-09	2.500000e+00	0.000000e+00	2.485165e-02	1.699198e+00	2.500000e+00
4.242436718749986e-09	2.500000e+00	0.000000e+00	2.212111e-02	1.752841e+00	2.500000e+00
4.250249218749986e-09	2.500000e+00	0.000000e+00	1.974991e-02	1.803739e+00	2.500000e+00
4.258061718749986e-09	2.500000e+00	0.000000e+00	1.766284e-02	1.851910e+00	2.500000e+00
4.265874218749985e-09	2.500000e+00	0.000000e+00	1.582149e-02	1.897397e+00	2.500000e+00
4.273686718749985e-09	2.500000e+00	0.000000e+00	1.420097e-02	1.940272e+00	2.500000e+00
4.281499218749985e-09	2.500000e+00	0.000000e+00	1.277859e-02	1.980635e+00	2.500000e+00
4.289311718749985e-09	2.500000e+00	0.000000e+00	1.152730e-02	2.018627e+00	2.500000e+00
4.297124218749984e-09	2.500000e+00	0.000000e+00	1.041527e-02	2.054426e+00	2.500000e+00
4.304936718749984e-09	2.500000e+00	0.000000e+00	9.416338e-03	2.088205e+00	2.500000e+00
4.312749218749984e-09	2.500000e+00	0.000000e+00	8.522015e-03	2.120051e+00	2.500000e+00
4.320561718749984e-09	2.500000e+00	0.000000e+00	7.735357e-03	2.149959e+00	2.500000e+00
4.328374218749983e-09	2.500000e+00	0.000000e+00	7.052274e-03	2.177893e+00	2.500000e+00
4.336186718749983e-09	2.500000e+00	0.000000e+00	6.456103e-03	2.203860e+00	2.500000e+00
4.343999218749983e-09	2.500000e+00	0.000000e+00	5.926859e-03	2.227918e+00	2.500000e+00
4.351811718749983e-09	2.500000e+00	0.000000e+00	5.448959e-03	2.250160e+00	2.500000e+00
4.359624218749983e-09	2.500000e+00	0.000000e+00	5.012359e-03	2.270691e+00	2.500000e+00
4.367436718749982e-09	2.500000e+00	0.000000e+00	4.610881e-03	2.289622e+00	2.500000e+00
4.375249218749982e-09	2.500000e+00	0.000000e+00	4.240546e-03	2.307061e+00	2.500000e+00
4.383061718749982e-09	2.500000e+00	0.000000e+00	3.898526e-03	2.323113e+00	2.500000e+00
4.390874218749982e-09	2.500000e+00	0.000000e+00	3.582593e-03	2.337878e+00	2.500000e+00
4.398686718749981e-09	2.500000e+00	0.000000e+00	3.290849e-03	2.351451e+00	2.500000e+00
4.406499218749981e-09	2.500000e+00	0.000000e+00	3.021593e-03	2.363921e+00	2.500000e+00
4.414311718749981e-09	2.500000e+00	0.000000e+00	2.773255e-03	2.375373e+00	2.500000e+00
4.422124218749981e-09	2.500000e+00	0.000000e+00	2.544370e-03	2.385884e+00	2.500000e+00
4.429936718749980e-09	2.500000e+00	0.000000e+00	2.333560e-03	2.395529e+00	2.500000e+00
4.437749218749980e-09	2.500000e+00	0.000000e+00	2.139525e-03	2.404375e+00	2.500000e+00
4.445561718749980e-09	2.500000e+00	0.000000e+00	1.961041e-03	2.412485e+00	2.500000e+00
4.453374218749980e-09	2.500000e+00	0.000000e+00	1.796956e-03	2.419919e+00	2.500000e+00
4.461186718749979e-09	2.500000e+00	0.000000e+00	1.646190e-03	2.426731e+00	2.500000e+00
4.468999218749979e-09	2.500000e+00	0.000000e+00	1.507729e-03	2.432971e+00	2.500000e+00
4.476811718749979e-09	2.500000e+00	0.000000e+00	1.380626e-03	2.438686e+00	2.500000e+00
4.484624218749979e-09	2.500000e+00	0.000000e+00	1.263998e-03	2.443920e+00	2.500000e+00
4.492436718749978e-09	2.500000e+00	0.000000e+00	1.157021e-03	2.448711e+00	2.500000e+00
4.500249218749978e-09	2.500000e+00	0.000000e+00	1.058929e-03	2.453097e+00	2.500000e+00
4.508061718749978e-09	2.500000e+00	0.000000e+00	9.690145e-04	2.457111e+00	2.500000e+00
4.515874218749978e-09	2.500000e+00	0.000000e+00	8.866174e-04	2.460784e+00	2.500000e+00
4.523686718749977e-09	2.500000e+00	0.000000e+00	8.111293e-04	2.464145e+00	2.500000e+00
4.531499218749977e-09	2.500000e+00	0.000000e+00	7.419871e-04	2.467220e+00	2.500000e+00
4.539311718749977e-09	2.500000e+00	0.000000e+00	6.786710e-04	2.470032e+00	2.500000e+00
4.547124218749977e-09	2.500000e+00	0.000000e+00	6.207014e-04	2.472605e+00	2.500000e+00
4.554936718749977e-09	2.500000e+00	0.000000e+00	5.676362e-04	2.474957e+00	2.500000e+00
4.562749218749976e-09	2.500000e+00	0.000000e+00	5.190684e-04	2.477109e+00	2.500000e+00
4.570561718749976e-09	2.500000e+00	0.000000e+00	4.746234e-04	2.479077e+00	2.500000e+00
4.578374218749976e-09	2.500000e+00	0.000000e+00	4.339568e-04	2.480875e+00	2.500000e+00
4.592187500000000e-09	2.500000e+00	0.000000e+00	3.701717e-04	2.483695e+00	2.500000e+00
4.600000000000000e-09	2.500000e+00	0.000000e+00	3.378904e-04	2.485121e+00	2.500000e+00
4.600781250000000e-09	2.304688e+00	1.953125e-01	6.317683e-03	2.486971e+00	2.500000e+00
4.602343750000000e-09	1.914062e+00	5.859375e-01	3.470149e-02	2.496298e+00	2.500000e+00
4.605468750000000e-09	1.132812e+00	1.367188e+00	1.183288e-01	2.504537e+00	2.500000e+00
4.610000000000000e-09	1.634248e-13	2.500000e+00	2.422211e-01	2.467414e+00	2.500000e+00
4.610453125000000e-09	0.000000e+00	2.500000e+00	2.471167e-01	2.443636e+00	2.500000e+00
4.611359375000000e-09	0.000000e+00	2.500000e+00	2.565291e-01	2.396204e+00	2.500000e+00
4.613171874999999e-09	0.000000e+00	2.500000e+00	2.738940e-01	2.302202e+00	2.500000e+00
4.616796874999999e-09	0.000000e+00	2.500000e+00	3.052703e-01	2.120338e+00	2.500000e+00
4.624046874999998e-09	0.000000e+00	2.500000e+00	3.682622e-01	1.774840e+00	2.500000e+00
4.631859374999997e-09	0.000000e+00	2.500000e+00	4.527152e-01	1.421625e+00	2.500000e+00
4.639671874999997e-09	0.000000e+00	2.500000e+00	5.659807e-01	1.094967e+00	2.500000e+00
4.647484374999997e-09	0.000000e+00	2.500000e+00	7.037026e-01	8.088086e-01	2.500000e+00
4.655296874999997e-09	0.000000e+00	2.500000e+00	8.482069e-01	5.712439e-01	2.500000e+00
4.663109374999997e-09	0.000000e+00	2.500000e+00	9.833121e-01	3.834718e-01	2.500000e+00
4.670921874999996e-09	0.000000e+00	2.500000e+00	1.102117e+00	2.460721e-01	2.500000e+00
4.678734374999996e-09	0.000000e+00	2.500000e+00	1.205235e+00	1.552893e-01	2.500000e+00
4.686546874999996e-09	0.000000e+00	2.500000e+00	1.295757e+00	1.003881e-01	2.500000e+00
4.694359374999996e-09	0.000000e+00	2.500000e+00	1.375877e+00	6.874786e-02	2.500000e+00
4.702171874999995e-09	0.000000e+00	2.500000e+00	1.447426e+00	5.055540e-02	2.500000e+00
4.709984374999995e-09	0.000000e+00	2.500000e+00	1.512872e+00	3.979972e-02	2.500000e+00
4.717796874999995e-09	0.000000e+00	2.500000e+00	1.574632e+00	3.314821e-02	2.500000e+00
4.725609374999995e-09	0.000000e+00	2.500000e+00	1.633892e+00	2.868661e-02	2.500000e+00
4.733421874999994e-09	0.000000e+00	2.500000e+00	1.690656e+00	2.531441e-02	2.500000e+00
4.741234374999994e-09	0.000000e+00	2.500000e+00	1.744723e+00	2.251711e-02	2.500000e+00
4.749046874999994e-09	0.000000e+00	2.500000e+00	1.796045e+00	2.009678e-02	2.500000e+00
4.756859374999994e-09	0.000000e+00	2.500000e+00	1.844635e+00	1.796886e-02	2.500000e+00
4.764671874999993e-09	0.000000e+00	2.500000e+00	1.890534e+00	1.609132e-02	2.500000e+00
4.772484374999993e-09	0.000000e+00	2.500000e+00	1.933807e+00	1.443808e-02	2.500000e+00
4.780296874999993e-09	0.000000e+00	2.500000e+00	1.974551e+00	1.298667e-02	2.500000e+00
4.788109374999993e-09	0.000000e+00	2.500000e+00	2.012899e+00	1.171093e-02	2.500000e+00
4.795921874999992e-09	0.000000e+00	2.500000e+00	2.049025e+00	1.057940e-02	2.500000e+00
4.803734374999992e-09	0.000000e+00	2.500000e+00	2.083107e+00	9.564025e-03	2.500000e+00
4.811546874999992e-09	0.000000e+00	2.500000e+00	2.115251e+00	8.653391e-03	2.500000e+00
4.819359374999992e-09	0.000000e+00	2.500000e+00	2.145461e+00	7.849994e-03	2.500000e+00
4.827171874999991e-09	0.000000e+00	2.500000e+00	2.173701e+00	7.151738e-03	2.500000e+00
4.834984374999991e-09	0.000000e+00	2.500000e+00	2.199970e+00	6.543473e-03	2.500000e+00
4.842796874999991e-09	0.000000e+00	2.500000e+00	2.224318e+00	6.005045e-03	2.500000e+00
4.850609374999991e-09	0.000000e+00	2.500000e+00	2.246834e+00	5.519984e-03	2.500000e+00
4.858421874999991e-09	0.000000e+00	2.500000e+00	2.267623e+00	5.077474e-03	2.500000e+00
4.866234374999990e-09	0.000000e+00	2.500000e+00	2.286794e+00	4.670864e-03	2.500000e+00
4.874046874999990e-09	0.000000e+00	2.500000e+00	2.304457e+00	4.295917e-03	2.500000e+00
4.881859374999990e-09	0.000000e+00	2.500000e+00	2.320716e+00	3.949673e-03	2.500000e+00
4.889671874999990e-09	0.000000e+00	2.500000e+00	2.335674e+00	3.629836e-03	2.500000e+00
4.897484374999989e-09	0.000000e+00	2.500000e+00	2.349426e+00	3.334466e-03	2.500000e+00
4.905296874999989e-09	0.000000e+00	2.500000e+00	2.362061e+00	3.061836e-03	2.500000e+00
4.913109374999989e-09	0.000000e+00	2.500000e+00	2.373665e+00	2.810361e-03	2.500000e+00
4.920921874999989e-09	0.000000e+00	2.500000e+00	2.384317e+00	2.578559e-03	2.500000e+00
4.928734374999988e-09	0.000000e+00	2.500000e+00	2.394091e+00	2.365040e-03	2.500000e+00
4.936546874999988e-09	0.000000e+00	2.500000e+00	2.403056e+00	2.168492e-03	2.500000e+00
4.944359374999988e-09	0.000000e+00	2.500000e+00	2.411276e+00	1.987679e-03	2.500000e+00
4.952171874999988e-09	0.000000e+00	2.500000e+00	2.418811e+00	1.821440e-03	2.500000e+00
4.959984374999987e-09	0.000000e+00	2.500000e+00	2.425715e+00	1.668682e-03	2.500000e+00
4.967796874999987e-09	0.000000e+00	2.500000e+00	2.432041e+00	1.528381e-03	2.500000e+00
4.975609374999987e-09	0.000000e+00	2.500000e+00	2.437835e+00	1.399581e-03	2.500000e+00
4.983421874999987e-09	0.000000e+00	2.500000e+00	2.443140e+00	1.281387e-03	2.500000e+00
4.991234374999986e-09	0.000000e+00	2.500000e+00	2.447998e+00	1.172969e-03	2.500000e+00
4.999046874999986e-09	0.000000e+00	2.500000e+00	2.452444e+00	1.073551e-03	2.500000e+00
5.006859374999986e-09	0.000000e+00	2.500000e+00	2.456513e+00	9.824153e-04	2.500000e+00
5.014671874999986e-09	0.000000e+00	2.500000e+00	2.460237e+00	8.988964e-04	2.500000e+00
5.022484374999985e-09	0.000000e+00	2.500000e+00	2.463645e+00	8.223775e-04	2.500000e+00
5.030296874999985e-09	0.000000e+00	2.500000e+00	2.466762e+00	7.522888e-04	2.500000e+00
5.038109374999985e-09	0.000000e+00	2.500000e+00	2.469614e+00	6.881038e-04	2.500000e+00
5.045921874999985e-09	0.000000e+00	2.500000e+00	2.472222e+00	6.293369e-04	2.500000e+00
5.053734374999985e-09	0.000000e+00	2.500000e+00	2.474607e+00	5.755405e-04	2.500000e+00
5.061546874999984e-09	0.000000e+00	2.500000e+00	2.476789e+00	5.263024e-04	2.500000e+00
5.069359374999984e-09	0.000000e+00	2.500000e+00	2.478784e+00	4.812430e-04	2.500000e+00
5.077171874999984e-09	0.000000e+00	2.500000e+00	2.480608e+00	4.400133e-04	2.500000e+00
5.084984374999984e-09	0.000000e+00	2.500000e+00	2.482275e+00	4.022925e-04	2.500000e+00
5.092796874999983e-09	0.000000e+00	2.500000e+00	2.483803e+00	3.677310e-04	2.500000e+00
5.100000000000000e-09	0.000000e+00	2.500000e+00	2.485120e+00	3.379106e-04	2.500000e+00
5.100720312500002e-09	1.800781e-01	2.319922e+00	2.486615e+00	5.111960e-03	2.500000e+00
5.102160937500005e-09	5.402344e-01	1.959766e+00	2.494987e+00	2.974740e-02	2.500000e+00
5.105042187500012e-09	1.260547e+00	1.239453e+00	2.502990e+00	1.055000e-01	2.500000e+00
5.110000000000000e-09	2.500000e+00	6.039613e-14	2.467605e+00	2.431452e-01	2.500000e+00
5.110495781249998e-09	2.500000e+00	0.000000e+00	2.441583e+00	2.484361e-01	2.500000e+00
5.111487343749996e-09	2.500000e+00	0.000000e+00	2.389690e+00	2.585827e-01	2.500000e+00
5.113470468749992e-09	2.500000e+00	0.000000e+00	2.287043e+00	2.772202e-01	2.500000e+00
5.117436718749982e-09	2.500000e+00	0.000000e+00	2.089066e+00	3.111738e-01	2.500000e+00
5.125249218749982e-09	2.500000e+00	0.000000e+00	1.719242e+00	3.802384e-01	2.500000e+00
5.133061718749982e-09	2.500000e+00	0.000000e+00	1.369222e+00	4.683376e-01	2.500000e+00
5.140874218749982e-09	2.500000e+00	0.000000e+00	1.047876e+00	5.860287e-01	2.500000e+00
5.148686718749981e-09	2.500000e+00	0.000000e+00	7.689052e-01	7.260652e-01	2.500000e+00
5.156499218749981e-09	2.500000e+00	0.000000e+00	5.389476e-01	8.700544e-01	2.500000e+00
5.164311718749981e-09	2.500000e+00	0.000000e+00	3.589534e-01	1.002834e+00	2.500000e+00
5.172124218749981e-09	2.500000e+00	0.000000e+00	2.292094e-01	1.119005e+00	2.500000e+00
5.179936718749980e-09	2.500000e+00	0.000000e+00	1.447838e-01	1.219992e+00	2.500000e+00
5.187749218749980e-09	2.500000e+00	0.000000e+00	9.426978e-02	1.308789e+00	2.500000e+00
5.195561718749980e-09	2.500000e+00	0.000000e+00	6.524801e-02	1.387449e+00	2.500000e+00
5.203374218749980e-09	2.500000e+00	0.000000e+00	4.851355e-02	1.457880e+00	2.500000e+00
5.211186718749979e-09	2.500000e+00	0.000000e+00	3.856255e-02	1.522616e+00	2.500000e+00
5.218999218749979e-09	2.500000e+00	0.000000e+00	3.235122e-02	1.583953e+00	2.500000e+00
5.226811718749979e-09	2.500000e+00	0.000000e+00	2.811287e-02	1.642842e+00	2.500000e+00
5.234624218749979e-09	2.500000e+00	0.000000e+00	2.485170e-02	1.699197e+00	2.500000e+00
5.242436718749979e-09	2.500000e+00	0.000000e+00	2.212115e-02	1.752840e+00	2.500000e+00
5.250249218749978e-09	2.500000e+00	0.000000e+00	1.974995e-02	1.803739e+00	2.500000e+00
5.258061718749978e-09	2.500000e+00	0.000000e+00	1.766288e-02	1.851909e+00	2.500000e+00
5.265874218749978e-09	2.500000e+00	0.000000e+00	1.582152e-02	1.897396e+00	2.500000e+00
5.273686718749978e-09	2.500000e+00	0.000000e+00	1.420099e-02	1.940271e+00	2.500000e+00
5.281499218749977e-09	2.500000e+00	0.000000e+00	1.277861e-02	1.980635e+00	2.500000e+00
5.289311718749977e-09	2.500000e+00	0.000000e+00	1.152732e-02	2.018627e+00	2.500000e+00
5.297124218749977e-09	2.500000e+00	0.000000e+00	1.041529e-02	2.054426e+00	2.500000e+00
5.304936718749977e-09	2.500000e+00	0.000000e+00	9.416355e-03	2.088204e+00	2.500000e+00
5.312749218749976e-09	2.500000e+00	0.000000e+00	8.522029e-03	2.120051e+00	2.500000e+00
5.320561718749976e-09	2.500000e+00	0.000000e+00	7.735369e-03	2.149958e+00	2.500000e+00
5.328374218749976e-09	2.500000e+00	0.000000e+00	7.052286e-03	2.177892e+00	2.500000e+00
5.336186718749976e-09	2.500000e+00	0.000000e+00	6.456113e-03	2.203859e+00	2.500000e+00
5.343999218749975e-09	2.500000e+00	0.000000e+00	5.926867e-03	2.227918e+00	2.500000e+00
5.351811718749975e-09	2.500000e+00	0.000000e+00	5.448967e-03	2.250160e+00	2.500000e+00
5.359624218749975e-09	2.500000e+00	0.000000e+00	5.012366e-03	2.270691e+00	2.500000e+00
5.367436718749975e-09	2.500000e+00	0.000000e+00	4.610888e-03	2.289622e+00	2.500000e+00
5.375249218749974e-09	2.500000e+00	0.000000e+00	4.240552e-03	2.307061e+00	2.500000e+00
5.383061718749974e-09	2.500000e+00	0.000000e+00	3.898531e-03	2.323112e+00	2.500000e+00
5.390874218749974e-09	2.500000e+00	0.000000e+00	3.582598e-03	2.337878e+00	2.500000e+00
5.398686718749974e-09	2.500000e+00	0.000000e+00	3.290854e-03	2.351450e+00	2.500000e+00
5.406499218749973e-09	2.500000e+00	0.000000e+00	3.021597e-03	2.363921e+00	2.500000e+00
5.414311718749973e-09	2.500000e+00	0.000000e+00	2.773259e-03	2.375373e+00	2.500000e+00
5.422124218749973e-09	2.500000e+00	0.000000e+00	2.544374e-03	2.385884e+00	2.500000e+00
5.429936718749973e-09	2.500000e+00	0.000000e+00	2.333563e-03	2.395529e+00	2.500000e+00
5.437749218749973e-09	2.500000e+00	0.000000e+00	2.139528e-03	2.404374e+00	2.500000e+00
5.445561718749972e-09	2.500000e+00	0.000000e+00	1.961044e-03	2.412485e+00	2.500000e+00
5.453374218749972e-09	2.500000e+00	0.000000e+00	1.796959e-03	2.419919e+00	2.500000e+00
5.461186718749972e-09	2.500000e+00	0.000000e+00	1.646192e-03	2.426730e+00	2.500000e+00
5.468999218749972e-09	2.500000e+00	0.000000e+00	1.507731e-03	2.432971e+00	2.500000e+00
5.476811718749971e-09	2.500000e+00	0.000000e+00	1.380628e-03	2.438686e+00	2.500000e+00
5.484624218749971e-09	2.500000e+00	0.000000e+00	1.264000e-03	2.443920e+00	2.500000e+00
5.492436718749971e-09	2.500000e+00	0.000000e+00	1.157022e-03	2.448711e+00	2.500000e+00
5.500249218749971e-09	2.500000e+00	0.000000e+00	1.058931e-03	2.453097e+00	2.500000e+00
5.508061718749970e-09	2.500000e+00	0.000000e+00	9.690159e-04	2.457111e+00	2.500000e+00
5.515874218749970e-09	2.500000e+00	0.000000e+00	8.866187e-04	2.460784e+00	2.500000e+00
5.523686718749970e-09	2.500000e+00	0.000000e+00	8.111305e-04	2.464145e+00	2.500000e+00
5.531499218749970e-09	2.500000e+00	0.000000e+00	7.419882e-04	2.467220e+00	2.500000e+00
5.539311718749969e-09	2.500000e+00	0.000000e+00	6.786720e-04	2.470032e+00	2.500000e+00
5.547124218749969e-09	2.500000e+00	0.000000e+00	6.207023e-04	2.472605e+00	2.500000e+00
5.554936718749969e-09	2.500000e+00	0.000000e+00	5.676370e-04	2.474957e+00	2.500000e+00
5.562749218749969e-09	2.500000e+00	0.000000e+00	5.190691e-04	2.477109e+00	2.500000e+00
5.570561718749968e-09	2.500000e+00	0.000000e+00	4.746242e-04	2.479077e+00	2.500000e+00
5.578374218749968e-09	2.500000e+00	0.000000e+00	4.339575e-04	2.480875e+00	2.500000e+00
5.592187500000000e-09	2.500000e+00	0.000000e+00	3.701723e-04	2.483695e+00	2.500000e+00
5.600000000000000e-09	2.500000e+00	0.000000e+00	3.378909e-04	2.485121e+00	2.500000e+00
5.600781250000000e-09	2.304688e+00	1.953125e-01	6.317684e-03	2.486971e+00	2.500000e+00
5.602343750000000e-09	1.914062e+00	5.859375e-01	3.470149e-02	2.496298e+00	2.500000e+00
5.605468750000000e-09	1.132812e+00	1.367188e+00	1.183288e-01	2.504537e+00	2.500000e+00
5.609999999999999e-09	1.634248e-13	2.500000e+00	2.422211e-01	2.467414e+00	2.500000e+00
5.610453125000000e-09	0.000000e+00	2.500000e+00	2.471167e-01	2.443636e+00	2.500000e+00
5.611359375000000e-09	0.000000e+00	2.500000e+00	2.565291e-01	2.396204e+00	2.500000e+00
5.613171875000000e-09	0.000000e+00	2.500000e+00	2.738940e-01	2.302202e+00	2.500000e+00
5.616796875000000e-09	0.000000e+00	2.500000e+00	3.052703e-01	2.120338e+00	2.500000e+00
5.624046875000000e-09	0.000000e+00	2.500000e+00	3.682622e-01	1.774840e+00	2.500000e+00
5.631859375000000e-09	0.000000e+00	2.500000e+00	4.527152e-01	1.421625e+00	2.500000e+00
5.639671875000000e-09	0.000000e+00	2.500000e+00	5.659807e-01	1.094967e+00	2.500000e+00
5.647484374999999e-09	0.000000e+00	2.500000e+00	7.037026e-01	8.088086e-01	2.500000e+00
5.655296874999999e-09	0.000000e+00	2.500000e+00	8.482069e-01	5.712439e-01	2.500000e+00
5.663109374999999e-09	0.000000e+00	2.500000e+00	9.833122e-01	3.834718e-01	2.500000e+00
5.670921874999999e-09	0.000000e+00	2.500000e+00	1.102117e+00	2.460721e-01	2.500000e+00
5.678734374999998e-09	0.000000e+00	2.500000e+00	1.205235e+00	1.552893e-01	2.500000e+00
5.686546874999998e-09	0.000000e+00	2.500000e+00	1.295757e+00	1.003881e-01	2.500000e+00
5.694359374999998e-09	0.000000e+00	2.500000e+00	1.375877e+00	6.874786e-02	2.500000e+00
5.702171874999998e-09	0.000000e+00	2.500000e+00	1.447426e+00	5.055540e-02	2.500000e+00
5.709984374999997e-09	0.000000e+00	2.500000e+00	1.512872e+00	3.979972e-02	2.500000e+00
5.717796874999997e-09	0.000000e+00	2.500000e+00	1.574632e+00	3.314821e-02	2.500000e+00
5.725609374999997e-09	0.000000e+00	2.500000e+00	1.633892e+00	2.868661e-02	2.500000e+00
5.733421874999997e-09	0.000000e+00	2.500000e+00	1.690656e+00	2.531441e-02	2.500000e+00
5.741234374999996e-09	0.000000e+00	2.500000e+00	1.744723e+00	2.251711e-02	2.500000e+00
5.749046874999996e-09	0.000000e+00	2.500000e+00	1.796045e+00	2.009678e-02	2.500000e+00
5.756859374999996e-09	0.000000e+00	2.500000e+00	1.844635e+00	1.796886e-02	2.500000e+00
5.764671874999996e-09	0.000000e+00	2.500000e+00	1.890534e+00	1.609132e-02	2.500000e+00
5.772484374999996e-09	0.000000e+00	2.500000e+00	1.933807e+00	1.443808e-02	2.500000e+00
5.780296874999995e-09	0.000000e+00	2.500000e+00	1.974551e+00	1.298667e-02	2.500000e+00
5.788109374999995e-09	0.000000e+00	2.500000e+00	2.012899e+00	1.171093e-02	2.500000e+00
5.795921874999995e-09	0.000000e+00	2.500000e+00	2.049025e+00	1.057940e-02	2.500000e+00
5.803734374999995e-09	0.000000e+00	2.500000e+00	2.083107e+00	9.564025e-03	2.500000e+00
5.811546874999994e-09	0.000000e+00	2.500000e+00	2.115251e+00	8.653391e-03	2.500000e+00
5.819359374999994e-09	0.000000e+00	2.500000e+00	2.145461e+00	7.849994e-03	2.500000e+00
5.827171874999994e-09	0.000000e+00	2.500000e+00	2.173701e+00	7.151738e-03	2.500000e+00
5.834984374999994e-09	0.000000e+00	2.500000e+00	2.199970e+00	6.543473e-03	2.500000e+00
5.842796874999993e-09	0.000000e+00	2.500000e+00	2.224318e+00	6.005045e-03	2.500000e+00
5.850609374999993e-09	0.000000e+00	2.500000e+00	2.246834e+00	5.519984e-03	2.500000e+00
5.858421874999993e-09	0.000000e+00	2.500000e+00	2.267623e+00	5.077474e-03	2.500000e+00
5.866234374999993e-09	0.000000e+00	2.500000e+00	2.286794e+00	4.670864e-03	2.500000e+00
5.874046874999992e-09	0.000000e+00	2.500000e+00	2.304457e+00	4.295917e-03	2.500000e+00
5.881859374999992e-09	0.000000e+00	2.500000e+00	2.320716e+00	3.949673e-03	2.500000e+00
5.889671874999992e-09	0.000000e+00	2.500000e+00	2.335674e+00	3.629836e-03	2.500000e+00
5.897484374999992e-09	0.000000e+00	2.500000e+00	2.349426e+00	3.334466e-03	2.500000e+00
5.905296874999991e-09	0.000000e+00	2.500000e+00	2.362061e+00	3.061836e-03	2.500000e+00
5.913109374999991e-09	0.000000e+00	2.500000e+00	2.373665e+00	2.810361e-03	2.500000e+00
5.920921874999991e-09	0.000000e+00	2.500000e+00	2.384317e+00	2.578559e-03	2.500000e+00
5.928734374999991e-09	0.000000e+00	2.500000e+00	2.394091e+00	2.365040e-03	2.500000e+00
5.936546874999990e-09	0.000000e+00	2.500000e+00	2.403056e+00	2.168492e-03	2.500000e+00
5.944359374999990e-09	0.000000e+00	2.500000e+00	2.411276e+00	1.987679e-03	2.500000e+00
5.952171874999990e-09	0.000000e+00	2.500000e+00	2.418811e+00	1.821440e-03	2.500000e+00
5.959984374999990e-09	0.000000e+00	2.500000e+00	2.425715e+00	1.668682e-03	2.500000e+00
5.967796874999990e-09	0.000000e+00	2.500000e+00	2.432041e+00	1.528381e-03	2.500000e+00
5.975609374999989e-09	0.000000e+00	2.500000e+00	2.437835e+00	1.399581e-03	2.500000e+00
5.983421874999989e-09	0.000000e+00	2.500000e+00	2.443140e+00	1.281387e-03	2.500000e+00
5.991234374999989e-09	0.000000e+00	2.500000e+00	2.447998e+00	1.172969e-03	2.500000e+00
5.999046874999989e-09	0.000000e+00	2.500000e+00	2.452444e+00	1.073551e-03	2.500000e+00
6.006859374999988e-09	0.000000e+00	2.500000e+00	2.456513e+00	9.824153e-04	2.500000e+00
6.014671874999988e-09	0.000000e+00	2.500000e+00	2.460237e+00	8.988964e-04	2.500000e+00
6.022484374999988e-09	0.000000e+00	2.500000e+00	2.463645e+00	8.223775e-04	2.500000e+00
6.030296874999988e-09	0.000000e+00	2.500000e+00	2.466762e+00	7.522888e-04	2.500000e+00
6.038109374999987e-09	0.000000e+00	2.500000e+00	2.469614e+00	6.881038e-04	2.500000e+00
6.045921874999987e-09	0.000000e+00	2.500000e+00	2.472222e+00	6.293369e-04	2.500000e+00
6.053734374999987e-09	0.000000e+00	2.500000e+00	2.474607e+00	5.755405e-04	2.500000e+00
6.061546874999987e-09	0.000000e+00	2.500000e+00	2.476789e+00	5.263024e-04	2.500000e+00
6.069359374999986e-09	0.000000e+00	2.500000e+00	2.478784e+00	4.812430e-04	2.500000e+00
6.077171874999986e-09	0.000000e+00	2.500000e+00	2.480608e+00	4.400133e-04	2.500000e+00
6.084984374999986e-09	0.000000e+00	2.500000e+00	2.482275e+00	4.022925e-04	2.500000e+00
6.092796874999986e-09	0.000000e+00	2.500000e+00	2.483803e+00	3.677310e-04	2.500000e+00
6.100000000000000e-09	0.000000e+00	2.500000e+00	2.485120e+00	3.379106e-04	2.500000e+00
6.100720312500002e-09	1.800781e-01	2.319922e+00	2.486615e+00	5.111960e-03	2.500000e+00
6.102160937500005e-09	5.402344e-01	1.959766e+00	2.494987e+00	2.974740e-02	2.500000e+00
6.105042187500011e-09	1.260547e+00	1.239453e+00	2.502990e+00	1.055000e-01	2.500000e+00
6.110000000000001e-09	2.500000e+00	6.039613e-14	2.467605e+00	2.431452e-01	2.500000e+00
6.110495781250000e-09	2.500000e+00	0.000000e+00	2.441583e+00	2.484361e-01	2.500000e+00
6.111487343749998e-09	2.500000e+00	0.000000e+00	2.389690e+00	2.585827e-01	2.500000e+00
6.113470468749993e-09	2.500000e+00	0.000000e+00	2.287044e+00	2.772201e-01	2.500000e+00
6.117436718749986e-09	2.500000e+00	0.000000e+00	2.089066e+00	3.111738e-01	2.500000e+00
6.125249218749985e-09	2.500000e+00	0.000000e+00	1.719242e+00	3.802384e-01	2.500000e+00
6.133061718749985e-09	2.500000e+00	0.000000e+00	1.369222e+00	4.683376e-01	2.500000e+00
6.140874218749985e-09	2.500000e+00	0.000000e+00	1.047876e+00	5.860287e-01	2.500000e+00
6.148686718749985e-09	2.500000e+00	0.000000e+00	7.689052e-01	7.260652e-01	2.500000e+00
6.156499218749984e-09	2.500000e+00	0.000000e+00	5.389476e-01	8.700544e-01	2.500000e+00
6.164311718749984e-09	2.500000e+00	0.000000e+00	3.589534e-01	1.002834e+00	2.500000e+00
6.172124218749984e-09	2.500000e+00	0.000000e+00	2.292094e-01	1.119005e+00	2.500000e+00
6.179936718749984e-09	2.500000e+00	0.000000e+00	1.447838e-01	1.219992e+00	2.500000e+00
6.187749218749983e-09	2.500000e+00	0.000000e+00	9.426978e-02	1.308789e+00	2.500000e+00
6.195561718749983e-09	2.500000e+00	0.000000e+00	6.524801e-02	1.387449e+00	2.500000e+00
6.203374218749983e-09	2.500000e+00	0.000000e+00	4.851355e-02	1.457880e+00	2.500000e+00
6.211186718749983e-09	2.500000e+00	0.000000e+00	3.856255e-02	1.522616e+00	2.500000e+00
6.218999218749982e-09	2.500000e+00	0.000000e+00	3.235122e-02	1.583953e+00	2.500000e+00
6.226811718749982e-09	2.500000e+00	0.000000e+00	2.811287e-02	1.642842e+00	2.500000e+00
6.234624218749982e-09	2.500000e+00	0.000000e+00	2.485170e-02	1.699197e+00	2.500000e+00
6.242436718749982e-09	2.500000e+00	0.000000e+00	2.212115e-02	1.752840e+00	2.500000e+00
6.250249218749981e-09	2.500000e+00	0.000000e+00	1.974995e-02	1.803739e+00	2.500000e+00
6.258061718749981e-09	2.500000e+00	0.000000e+00	1.766288e-02	1.851909e+00	2.500000e+00
6.265874218749981e-09	2.500000e+00	0.000000e+00	1.582152e-02	1.897396e+00	2.500000e+00
6.273686718749981e-09	2.500000e+00	0.000000e+00	1.420099e-02	1.940271e+00	2.500000e+00
6.281499218749980e-09	2.500000e+00	0.000000e+00	1.277861e-02	1.980635e+00	2.500000e+00
6.289311718749980e-09	2.500000e+00	0.000000e+00	1.152732e-02	2.018627e+00	2.500000e+00
6.297124218749980e-09	2.500000e+00	0.000000e+00	1.041529e-02	2.054426e+00	2.500000e+00
6.304936718749980e-09	2.500000e+00	0.000000e+00	9.416355e-03	2.088204e+00	2.500000e+00
6.312749218749980e-09	2.500000e+00	0.000000e+00	8.522029e-03	2.120051e+00	2.500000e+00
6.320561718749979e-09	2.500000e+00	0.000000e+00	7.735369e-03	2.149958e+00	2.500000e+00
6.328374218749979e-09	2.500000e+00	0.000000e+00	7.052286e-03	2.177892e+00	2.500000e+00
6.336186718749979e-09	2.500000e+00	0.000000e+00	6.456113e-03	2.203859e+00	2.500000e+00
6.343999218749979e-09	2.500000e+00	0.000000e+00	5.926867e-03	2.227918e+00	2.500000e+00
6.351811718749978e-09	2.500000e+00	0.000000e+00	5.448967e-03	2.250160e+00	2.500000e+00
6.359624218749978e-09	2.500000e+00	0.000000e+00	5.012366e-03	2.270691e+00	2.500000e+00
6.367436718749978e-09	2.500000e+00	0.000000e+00	4.610888e-03	2.289622e+00	2.500000e+00
6.375249218749978e-09	2.500000e+00	0.000000e+00	4.240552e-03	2.307061e+00	2.500000e+00
6.383061718749977e-09	2.500000e+00	0.000000e+00	3.898531e-03	2.323112e+00	2.500000e+00
6.390874218749977e-09	2.500000e+00	0.000000e+00	3.582598e-03	2.337878e+00	2.500000e+00
6.398686718749977e-09	2.500000e+00	0.000000e+00	3.290854e-03	2.351450e+00	2.500000e+00
6.406499218749977e-09	2.500000e+00	0.000000e+00	3.021597e-03	2.363921e+00	2.500000e+00
6.414311718749976e-09	2.500000e+00	0.000000e+00	2.773259e-03	2.375373e+00	2.500000e+00
6.422124218749976e-09	2.500000e+00	0.000000e+00	2.544374e-03	2.385884e+00	2.500000e+00
6.429936718749976e-09	2.500000e+00	0.000000e+00	2.333563e-03	2.395529e+00	2.500000e+00
6.437749218749976e-09	2.500000e+00	0.000000e+00	2.139528e-03	2.404374e+00	2.500000e+00
6.445561718749975e-09	2.500000e+00	0.000000e+00	1.961044e-03	2.412485e+00	2.500000e+00
6.453374218749975e-09	2.500000e+00	0.000000e+00	1.796959e-03	2.419919e+00	2.500000e+00
6.461186718749975e-09	2.500000e+00	0.000000e+00	1.646192e-03	2.426730e+00	2.500000e+00
6.468999218749975e-09	2.500000e+00	0.000000e+00	1.507731e-03	2.432971e+00	2.500000e+00
6.476811718749974e-09	2.500000e+00	0.000000e+00	1.380628e-03	2.438686e+00	2.500000e+00
6.484624218749974e-09	2.500000e+00	0.000000e+00	1.264000e-03	2.443920e+00	2.500000e+00
6.492436718749974e-09	2.500000e+00	0.000000e+00	1.157022e-03	2.448711e+00	2.500000e+00
6.500249218749974e-09	2.500000e+00	0.000000e+00	1.058931e-03	2.453097e+00	2.500000e+00
6.508061718749974e-09	2.500000e+00	0.000000e+00	9.690159e-04	2.457111e+00	2.500000e+00
6.515874218749973e-09	2.500000e+00	0.000000e+00	8.866187e-04	2.460784e+00	2.500000e+00
6.523686718749973e-09	2.500000e+00	0.000000e+00	8.111305e-04	2.464145e+00	2.500000e+00
6.531499218749973e-09	2.500000e+00	0.000000e+00	7.419882e-04	2.467220e+00	2.500000e+00
6.539311718749973e-09	2.500000e+00	0.000000e+00	6.786720e-04	2.470032e+00	2.500000e+00
6.547124218749972e-09	2.500000e+00	0.000000e+00	6.207023e-04	2.472605e+00	2.500000e+00
6.554936718749972e-09	2.500000e+00	0.000000e+00	5.676370e-04	2.474957e+00	2.500000e+00
6.562749218749972e-09	2.500000e+00	0.000000e+00	5.190691e-04	2.477109e+00	2.500000e+00
6.570561718749972e-09	2.500000e+00	0.000000e+00	4.746242e-04	2.479077e+00	2.500000e+00
6.578374218749971e-09	2.500000e+00	0.000000e+00	4.339575e-04	2.480875e+00	2.500000e+00
6.592187500000001e-09	2.500000e+00	0.000000e+00	3.701723e-04	2.483695e+00	2.500000e+00
6.600000000000000e-09	2.500000e+00	0.000000e+00	3.378909e-04	2.485121e+00	2.500000e+00
6.600781250000000e-09	2.304688e+00	1.953125e-01	6.317684e-03	2.486971e+00	2.500000e+00
6.602343750000001e-09	1.914062e+00	5.859375e-01	3.470149e-02	2.496298e+00	2.500000e+00
6.605468750000001e-09	1.132812e+00	1.367188e+00	1.183288e-01	2.504537e+00	2.500000e+00
6.610000000000000e-09	1.634248e-13	2.500000e+00	2.422211e-01	2.467414e+00	2.500000e+00
6.610453125000000e-09	0.000000e+00	2.500000e+00	2.471167e-01	2.443636e+00	2.500000e+00
6.611359375000000e-09	0.000000e+00	2.500000e+00	2.565291e-01	2.396204e+00	2.500000e+00
6.613171875000001e-09	0.000000e+00	2.500000e+00	2.738940e-01	2.302202e+00	2.500000e+00
6.616796875000001e-09	0.000000e+00	2.500000e+00	3.052703e-01	2.120338e+00	2.500000e+00
6.624046875000001e-09	0.000000e+00	2.500000e+00	3.682622e-01	1.774840e+00	2.500000e+00
6.631859375000001e-09	0.000000e+00	2.500000e+00	4.527152e-01	1.421625e+00	2.500000e+00
6.639671875000000e-09	0.000000e+00	2.500000e+00	5.659807e-01	1.094967e+00	2.500000e+00
6.647484375000000e-09	0.000000e+00	2.500000e+00	7.037026e-01	8.088086e-01	2.500000e+00
6.655296875000000e-09	0.000000e+00	2.500000e+00	8.482069e-01	5.712439e-01	2.500000e+00
6.663109375000000e-09	0.000000e+00	2.500000e+00	9.833122e-01	3.834718e-01	2.500000e+00
6.670921874999999e-09	0.000000e+00	2.500000e+00	1.102117e+00	2.460721e-01	2.500000e+00
6.678734374999999e-09	0.000000e+00	2.500000e+00	1.205235e+00	1.552893e-01	2.500000e+00
6.686546874999999e-09	0.000000e+00	2.500000e+00	1.295757e+00	1.003881e-01	2.500000e+00
6.694359374999999e-09	0.000000e+00	2.500000e+00	1.375877e+00	6.874786e-02	2.500000e+00
6.702171874999998e-09	0.000000e+00	2.500000e+00	1.447426e+00	5.055540e-02	2.500000e+00
6.709984374999998e-09	0.000000e+00	2.500000e+00	1.512872e+00	3.979972e-02	2.500000e+00
6.717796874999998e-09	0.000000e+00	2.500000e+00	1.574632e+00	3.314821e-02	2.500000e+00
6.725609374999998e-09	0.000000e+00	2.500000e+00	1.633892e+00	2.868661e-02	2.500000e+00
6.733421874999997e-09	0.000000e+00	2.500000e+00	1.690656e+00	2.531441e-02	2.500000e+00
6.741234374999997e-09	0.000000e+00	2.500000e+00	1.744723e+00	2.251711e-02	2.500000e+00
6.749046874999997e-09	0.000000e+00	2.500000e+00	1.796045e+00	2.009678e-02	2.500000e+00
6.756859374999997e-09	0.000000e+00	2.500000e+00	1.844635e+00	1.796886e-02	2.500000e+00
6.764671874999996e-09	0.000000e+00	2.500000e+00	1.890534e+00	1.609132e-02	2.500000e+00
6.772484374999996e-09	0.000000e+00	2.500000e+00	1.933807e+00	1.443808e-02	2.500000e+00
6.780296874999996e-09	0.000000e+00	2.500000e+00	1.974551e+00	1.298667e-02	2.500000e+00
6.788109374999996e-09	0.000000e+00	2.500000e+00	2.012899e+00	1.171093e-02	2.500000e+00
6.795921874999995e-09	0.000000e+00	2.500000e+00	2.049025e+00	1.057940e-02	2.500000e+00
6.803734374999995e-09	0.000000e+00	2.500000e+00	2.083107e+00	9.564025e-03	2.500000e+00
6.811546874999995e-09	0.000000e+00	2.500000e+00	2.115251e+00	8.653391e-03	2.500000e+00
6.819359374999995e-09	0.000000e+00	2.500000e+00	2.145461e+00	7.849994e-03	2.500000e+00
6.827171874999995e-09	0.000000e+00	2.500000e+00	2.173701e+00	7.151738e-03	2.500000e+00
6.834984374999994e-09	0.000000e+00	2.500000e+00	2.199970e+00	6.543473e-03	2.500000e+00
6.842796874999994e-09	0.000000e+00	2.500000e+00	2.224318e+00	6.005045e-03	2.500000e+00
6.850609374999994e-09	0.000000e+00	2.500000e+00	2.246834e+00	5.519984e-03	2.500000e+00
6.858421874999994e-09	0.000000e+00	2.500000e+00	2.267623e+00	5.077474e-03	2.500000e+00
6.866234374999993e-09	0.000000e+00	2.500000e+00	2.286794e+00	4.670864e-03	2.500000e+00
6.874046874999993e-09	0.000000e+00	2.500000e+00	2.304457e+00	4.295917e-03	2.500000e+00
6.881859374999993e-09	0.000000e+00	2.500000e+00	2.320716e+00	3.949673e-03	2.500000e+00
6.889671874999993e-09	0.000000e+00	2.500000e+00	2.335674e+00	3.629836e-03	2.500000e+00
6.897484374999992e-09	0.000000e+00	2.500000e+00	2.349426e+00	3.334466e-03	2.500000e+00
6.905296874999992e-09	0.000000e+00	2.500000e+00	2.362061e+00	3.061836e-03	2.500000e+00
6.913109374999992e-09	0.000000e+00	2.500000e+00	2.373665e+00	2.810361e-03	2.500000e+00
6.920921874999992e-09	0.000000e+00	2.500000e+00	2.384317e+00	2.578559e-03	2.500000e+00
6.928734374999991e-09	0.000000e+00	2.500000e+00	2.394091e+00	2.365040e-03	2.500000e+00
6.936546874999991e-09	0.000000e+00	2.500000e+00	2.403056e+00	2.168492e-03	2.500000e+00
6.944359374999991e-09	0.000000e+00	2.500000e+00	2.411276e+00	1.987679e-03	2.500000e+00
6.952171874999991e-09	0.000000e+00	2.500000e+00	2.418811e+00	1.821440e-03	2.500000e+00
6.959984374999990e-09	0.000000e+00	2.500000e+00	2.425715e+00	1.668682e-03	2.500000e+00
6.967796874999990e-09	0.000000e+00	2.500000e+00	2.432041e+00	1.528381e-03	2.500000e+00
6.975609374999990e-09	0.000000e+00	2.500000e+00	2.437835e+00	1.399581e-03	2.500000e+00
6.983421874999990e-09	0.000000e+00	2.500000e+00	2.443140e+00	1.281387e-03	2.500000e+00
6.991234374999989e-09	0.000000e+00	2.500000e+00	2.447998e+00	1.172969e-03	2.500000e+00
6.999046874999989e-09	0.000000e+00	2.500000e+00	2.452444e+00	1.073551e-03	2.500000e+00
7.006859374999989e-09	0.000000e+00	2.500000e+00	2.456513e+00	9.824153e-04	2.500000e+00
7.014671874999989e-09	0.000000e+00	2.500000e+00	2.460237e+00	8.988964e-04	2.500000e+00
7.022484374999989e-09	0.000000e+00	2.500000e+00	2.463645e+00	8.223775e-04	2.500000e+00
7.030296874999988e-09	0.000000e+00	2.500000e+00	2.466762e+00	7.522888e-04	2.500000e+00
7.038109374999988e-09	0.000000e+00	2.500000e+00	2.469614e+00	6.881038e-04	2.500000e+00
7.045921874999988e-09	0.000000e+00	2.500000e+00	2.472222e+00	6.293369e-04	2.500000e+00
7.053734374999988e-09	0.000000e+00	2.500000e+00	2.474607e+00	5.755405e-04	2.500000e+00
7.061546874999987e-09	0.000000e+00	2.500000e+00	2.476789e+00	5.263024e-04	2.500000e+00
7.069359374999987e-09	0.000000e+00	2.500000e+00	2.478784e+00	4.812430e-04	2.500000e+00
7.077171874999987e-09	0.000000e+00	2.500000e+00	2.480608e+00	4.400133e-04	2.500000e+00
7.084984374999987e-09	0.000000e+00	2.500000e+00	2.482275e+00	4.022925e-04	2.500000e+00
7.092796874999986e-09	0.000000e+00	2.500000e+00	2.483803e+00	3.677310e-04	2.500000e+00
7.100000000000001e-09	0.000000e+00	2.500000e+00	2.485120e+00	3.379106e-04	2.500000e+00
7.100720312500002e-09	1.800781e-01	2.319922e+00	2.486615e+00	5.111960e-03	2.500000e+00
7.102160937500005e-09	5.402344e-01	1.959766e+00	2.494987e+00	2.974740e-02	2.500000e+00
7.105042187500011e-09	1.260547e+00	1.239453e+00	2.502990e+00	1.055000e-01	2.500000e+00
7.110000000000000e-09	2.500000e+00	6.039613e-14	2.467605e+00	2.431452e-01	2.500000e+00
7.110495781249999e-09	2.500000e+00	0.000000e+00	2.441583e+00	2.484361e-01	2.500000e+00
7.111487343749997e-09	2.500000e+00	0.000000e+00	2.389690e+00	2.585827e-01	2.500000e+00
7.113470468749992e-09	2.500000e+00	0.000000e+00	2.287044e+00	2.772201e-01	2.500000e+00
7.117436718749984e-09	2.500000e+00	0.000000e+00	2.089066e+00	3.111738e-01	2.500000e+00
7.125249218749983e-09	2.500000e+00	0.000000e+00	1.719242e+00	3.802384e-01	2.500000e+00
7.133061718749983e-09	2.500000e+00	0.000000e+00	1.369222e+00	4.683376e-01	2.500000e+00
7.140874218749983e-09	2.500000e+00	0.000000e+00	1.047876e+00	5.860287e-01	2.500000e+00
7.148686718749983e-09	2.500000e+00	0.000000e+00	7.689052e-01	7.260652e-01	2.500000e+00
7.156499218749983e-09	2.500000e+00	0.000000e+00	5.389476e-01	8.700544e-01	2.500000e+00
7.164311718749982e-09	2.500000e+00	0.000000e+00	3.589534e-01	1.002834e+00	2.500000e+00
7.172124218749982e-09	2.500000e+00	0.000000e+00	2.292094e-01	1.119005e+00	2.500000e+00
7.179936718749982e-09	2.500000e+00	0.000000e+00	1.447838e-01	1.219992e+00	2.500000e+00
7.187749218749982e-09	2.500000e+00	0.000000e+00	9.426978e-02	1.308789e+00	2.500000e+00
7.195561718749981e-09	2.500000e+00	0.000000e+00	6.524801e-02	1.387449e+00	2.500000e+00
7.203374218749981e-09	2.500000e+00	0.000000e+00	4.851355e-02	1.457880e+00	2.500000e+00
7.211186718749981e-09	2.500000e+00	0.000000e+00	3.856255e-02	1.522616e+00	2.500000e+00
7.218999218749981e-09	2.500000e+00	0.000000e+00	3.235122e-02	1.583953e+00	2.500000e+00
7.226811718749980e-09	2.500000e+00	0.000000e+00	2.811287e-02	1.642842e+00	2.500000e+00
7.234624218749980e-09	2.500000e+00	0.000000e+00	2.485170e-02	1.699197e+00	2.500000e+00
7.242436718749980e-09	2.500000e+00	0.000000e+00	2.212115e-02	1.752840e+00	2.500000e+00
7.250249218749980e-09	2.500000e+00	0.000000e+00	1.974995e-02	1.803739e+00	2.500000e+00
7.258061718749979e-09	2.500000e+00	0.000000e+00	1.766288e-02	1.851909e+00	2.500000e+00
7.265874218749979e-09	2.500000e+00	0.000000e+00	1.582152e-02	1.897396e+00	2.500000e+00
7.273686718749979e-09	2.500000e+00	0.000000e+00	1.420099e-02	1.940271e+00	2.500000e+00
7.281499218749979e-09	2.500000e+00	0.000000e+00	1.277861e-02	1.980635e+00	2.500000e+00
7.289311718749978e-09	2.500000e+00	0.000000e+00	1.152732e-02	2.018627e+00	2.500000e+00
7.297124218749978e-09	2.500000e+00	0.000000e+00	1.041529e-02	2.054426e+00	2.500000e+00
7.304936718749978e-09	2.500000e+00	0.000000e+00	9.416355e-03	2.088204e+00	2.500000e+00
7.312749218749978e-09	2.500000e+00	0.000000e+00	8.522029e-03	2.120051e+00	2.500000e+00
7.320561718749977e-09	2.500000e+00	0.000000e+00	7.735369e-03	2.149958e+00	2.500000e+00
7.328374218749977e-09	2.500000e+00	0.000000e+00	7.052286e-03	2.177892e+00	2.500000e+00
7.336186718749977e-09	2.500000e+00	0.000000e+00	6.456113e-03	2.203859e+00	2.500000e+00
7.343999218749977e-09	2.500000e+00	0.000000e+00	5.926867e-03	2.227918e+00	2.500000e+00
7.351811718749977e-09	2.500000e+00	0.000000e+00	5.448967e-03	2.250160e+00	2.500000e+00
7.359624218749976e-09	2.500000e+00	0.000000e+00	5.012366e-03	2.270691e+00	2.500000e+00
7.367436718749976e-09	2.500000e+00	0.000000e+00	4.610888e-03	2.289622e+00	2.500000e+00
7.375249218749976e-09	2.500000e+00	0.000000e+00	4.240552e-03	2.307061e+00	2.500000e+00
7.383061718749976e-09	2.500000e+00	0.000000e+00	3.898531e-03	2.323112e+00	2.500000e+00
7.390874218749975e-09	2.500000e+00	0.000000e+00	3.582598e-03	2.337878e+00	2.500000e+00
7.398686718749975e-09	2.500000e+00	0.000000e+00	3.290854e-03	2.351450e+00	2.500000e+00
7.406499218749975e-09	2.500000e+00	0.000000e+00	3.021597e-03	2.363921e+00	2.500000e+00
7.414311718749975e-09	2.500000e+00	0.000000e+00	2.773259e-03	2.375373e+00	2.500000e+00
7.422124218749974e-09	2.500000e+00	0.000000e+00	2.544374e-03	2.385884e+00	2.500000e+00
7.429936718749974e-09	2.500000e+00	0.000000e+00	2.333563e-03	2.395529e+00	2.500000e+00
7.437749218749974e-09	2.500000e+00	0.000000e+00	2.139528e-03	2.404374e+00	2.500000e+00
7.445561718749974e-09	2.500000e+00	0.000000e+00	1.961044e-03	2.412485e+00	2.500000e+00
7.453374218749973e-09	2.500000e+00	0.000000e+00	1.796959e-03	2.419919e+00	2.500000e+00
7.461186718749974e-09	2.500000e+00	0.000000e+00	1.646192e-03	2.426730e+00	2.500000e+00
7.468999218749975e-09	2.500000e+00	0.000000e+00	1.507731e-03	2.432971e+00	2.500000e+00
7.476811718749975e-09	2.500000e+00	0.000000e+00	1.380628e-03	2.438686e+00	2.500000e+00
7.484624218749976e-09	2.500000e+00	0.000000e+00	1.264000e-03	2.443920e+00	2.500000e+00
7.492436718749976e-09	2.500000e+00	0.000000e+00	1.157022e-03	2.448711e+00	2.500000e+00
7.500249218749977e-09	2.500000e+00	0.000000e+00	1.058931e-03	2.453097e+00	2.500000e+00
7.508061718749978e-09	2.500000e+00	0.000000e+00	9.690159e-04	2.457111e+00	2.500000e+00
7.515874218749978e-09	2.500000e+00	0.000000e+00	8.866187e-04	2.460784e+00	2.500000e+00
7.523686718749979e-09	2.500000e+00	0.000000e+00	8.111305e-04	2.464145e+00	2.500000e+00
7.531499218749979e-09	2.500000e+00	0.000000e+00	7.419882e-04	2.467220e+00	2.500000e+00
7.539311718749980e-09	2.500000e+00	0.000000e+00	6.786720e-04	2.470032e+00	2.500000e+00
7.547124218749980e-09	2.500000e+00	0.000000e+00	6.207023e-04	2.472605e+00	2.500000e+00
7.554936718749981e-09	2.500000e+00	0.000000e+00	5.676370e-04	2.474957e+00	2.500000e+00
7.562749218749982e-09	2.500000e+00	0.000000e+00	5.190691e-04	2.477109e+00	2.500000e+00
7.570561718749982e-09	2.500000e+00	0.000000e+00	4.746242e-04	2.479077e+00	2.500000e+00
7.578374218749983e-09	2.500000e+00	0.000000e+00	4.339575e-04	2.480875e+00	2.500000e+00
7.592187500000000e-09	2.500000e+00	0.000000e+00	3.701723e-04	2.483695e+00	2.500000e+00
7.600000000000000e-09	2.500000e+00	1.033976e-13	3.378909e-04	2.485121e+00	2.500000e+00
7.600781250000000e-09	2.304688e+00	1.953125e-01	6.317684e-03	2.486971e+00	2.500000e+00
7.602343750000000e-09	1.914062e+00	5.859375e-01	3.470149e-02	2.496298e+00	2.500000e+00
7.605468750000001e-09	1.132812e+00	1.367188e+00	1.183288e-01	2.504537e+00	2.500000e+00
7.610000000000000e-09	0.000000e+00	2.500000e+00	2.422211e-01	2.467414e+00	2.500000e+00
7.610453124999999e-09	0.000000e+00	2.500000e+00	2.471167e-01	2.443637e+00	2.500000e+00
7.611359374999999e-09	0.000000e+00	2.500000e+00	2.565291e-01	2.396204e+00	2.500000e+00
7.613171875000000e-09	0.000000e+00	2.500000e+00	2.738940e-01	2.302202e+00	2.500000e+00
7.616796874999999e-09	0.000000e+00	2.500000e+00	3.052703e-01	2.120338e+00	2.500000e+00
7.624046874999997e-09	0.000000e+00	2.500000e+00	3.682622e-01	1.774840e+00	2.500000e+00
7.631859374999998e-09	0.000000e+00	2.500000e+00	4.527152e-01	1.421625e+00	2.500000e+00
7.639671874999998e-09	0.000000e+00	2.500000e+00	5.659807e-01	1.094967e+00	2.500000e+00
7.647484374999999e-09	0.000000e+00	2.500000e+00	7.037026e-01	8.088086e-01	2.500000e+00
7.655296875000000e-09	0.000000e+00	2.500000e+00	8.482069e-01	5.712439e-01	2.500000e+00
7.663109375000000e-09	0.000000e+00	2.500000e+00	9.833122e-01	3.834718e-01	2.500000e+00
7.670921875000001e-09	0.000000e+00	2.500000e+00	1.102117e+00	2.460721e-01	2.500000e+00
7.678734375000001e-09	0.000000e+00	2.500000e+00	1.205235e+00	1.552893e-01	2.500000e+00
7.686546875000002e-09	0.000000e+00	2.500000e+00	1.295757e+00	1.003881e-01	2.500000e+00
7.694359375000003e-09	0.000000e+00	2.500000e+00	1.375877e+00	6.874786e-02	2.500000e+00
7.702171875000003e-09	0.000000e+00	2.500000e+00	1.447426e+00	5.055540e-02	2.500000e+00
7.709984375000004e-09	0.000000e+00	2.500000e+00	1.512872e+00	3.979972e-02	2.500000e+00
7.717796875000004e-09	0.000000e+00	2.500000e+00	1.574632e+00	3.314821e-02	2.500000e+00
7.725609375000005e-09	0.000000e+00	2.500000e+00	1.633892e+00	2.868661e-02	2.500000e+00
7.733421875000006e-09	0.000000e+00	2.500000e+00	1.690656e+00	2.531441e-02	2.500000e+00
7.741234375000006e-09	0.000000e+00	2.500000e+00	1.744723e+00	2.251711e-02	2.500000e+00
7.749046875000007e-09	0.000000e+00	2.500000e+00	1.796045e+00	2.009678e-02	2.500000e+00
7.756859375000007e-09	0.000000e+00	2.500000e+00	1.844635e+00	1.796886e-02	2.500000e+00
7.764671875000008e-09	0.000000e+00	2.500000e+00	1.890534e+00	1.609132e-02	2.500000e+00
7.772484375000008e-09	0.000000e+00	2.500000e+00	1.933807e+00	1.443808e-02	2.500000e+00
7.780296875000009e-09	0.000000e+00	2.500000e+00	1.974551e+00	1.298667e-02	2.500000e+00
7.788109375000010e-09	0.000000e+00	2.500000e+00	2.012899e+00	1.171093e-02	2.500000e+00
7.795921875000010e-09	0.000000e+00	2.500000e+00	2.049025e+00	1.057940e-02	2.500000e+00
7.803734375000011e-09	0.000000e+00	2.500000e+00	2.083107e+00	9.564025e-03	2.500000e+00
7.811546875000011e-09	0.000000e+00	2.500000e+00	2.115251e+00	8.653391e-03	2.500000e+00
7.819359375000012e-09	0.000000e+00	2.500000e+00	2.145461e+00	7.849994e-03	2.500000e+00
7.827171875000013e-09	0.000000e+00	2.500000e+00	2.173701e+00	7.151738e-03	2.500000e+00
7.834984375000013e-09	0.000000e+00	2.500000e+00	2.199970e+00	6.543473e-03	2.500000e+00
7.842796875000014e-09	0.000000e+00	2.500000e+00	2.224318e+00	6.005045e-03	2.500000e+00
7.850609375000014e-09	0.000000e+00	2.500000e+00	2.246834e+00	5.519984e-03	2.500000e+00
7.858421875000015e-09	0.000000e+00	2.500000e+00	2.267623e+00	5.077474e-03	2.500000e+00
7.866234375000015e-09	0.000000e+00	2.500000e+00	2.286794e+00	4.670864e-03	2.500000e+00
7.874046875000016e-09	0.000000e+00	2.500000e+00	2.304457e+00	4.295917e-03	2.500000e+00
7.881859375000017e-09	0.000000e+00	2.500000e+00	2.320716e+00	3.949673e-03	2.500000e+00
7.889671875000017e-09	0.000000e+00	2.500000e+00	2.335674e+00	3.629836e-03	2.500000e+00
7.897484375000018e-09	0.000000e+00	2.500000e+00	2.349426e+00	3.334466e-03	2.500000e+00
7.905296875000018e-09	0.000000e+00	2.500000e+00	2.362061e+00	3.061836e-03	2.500000e+00
7.913109375000019e-09	0.000000e+00	2.500000e+00	2.373665e+00	2.810361e-03	2.500000e+00
7.920921875000020e-09	0.000000e+00	2.500000e+00	2.384317e+00	2.578559e-03	2.500000e+00
7.928734375000020e-09	0.000000e+00	2.500000e+00	2.394091e+00	2.365040e-03	2.500000e+00
7.936546875000021e-09	0.000000e+00	2.500000e+00	2.403056e+00	2.168492e-03	2.500000e+00
7.944359375000021e-09	0.000000e+00	2.500000e+00	2.411276e+00	1.987679e-03	2.500000e+00
7.952171875000022e-09	0.000000e+00	2.500000e+00	2.418811e+00	1.821440e-03	2.500000e+00
7.959984375000023e-09	0.000000e+00	2.500000e+00	2.425715e+00	1.668682e-03	2.500000e+00
7.967796875000023e-09	0.000000e+00	2.500000e+00	2.432041e+00	1.528381e-03	2.500000e+00
7.975609375000024e-09	0.000000e+00	2.500000e+00	2.437835e+00	1.399581e-03	2.500000e+00
7.983421875000024e-09	0.000000e+00	2.500000e+00	2.443140e+00	1.281387e-03	2.500000e+00
7.991234375000025e-09	0.000000e+00	2.500000e+00	2.447998e+00	1.172969e-03	2.500000e+00
7.999046875000025e-09	0.000000e+00	2.500000e+00	2.452526e+00	1.071745e-03	2.500000e+00
8.000000000000000e-09	0.000000e+00	2.500000e+00	2.453053e+00	1.059963e-03	2.500000e+00
